5 2 239 3754 
5 2 620 3978 
5 2 722 9354 
5 2 857 3157 
5 2 920 1865 
5 2 1010 1021 
5 2 1330 1806 
5 2 1585 8767 
5 2 1630 5061 
5 2 1699 5250 
5 2 1946 1487 
5 2 1952 3868 
5 2 1961 3644 
5 2 2000 2261 
5 2 2048 2659 
5 2 2113 7329 
5 2 2154 3777 
5 2 2246 11903 
5 2 2260 2615 
5 2 2302 3429 
5 2 2317 5645 
5 2 2378 3278 
5 2 2406 905 
5 2 2455 4792 
5 2 2509 4178 
5 2 2523 3877 
5 2 2602 4349 
5 2 3033 7862 
5 2 3094 7484 
5 2 3157 857 
5 2 3186 3206 
5 2 3221 920 
5 2 3335 8443 
5 2 3342 1074 
5 2 3374 6500 
5 2 3413 2599 
5 2 3481 2713 
5 2 3593 2708 
5 2 3625 2108 
5 2 3639 4454 
5 2 3731 16992 
5 2 3877 2523 
5 2 4045 4046 
5 2 4047 1500 
5 2 4061 4059 
5 2 4113 4342 
5 2 4272 4474 
5 2 4317 7499 
5 2 4327 7511 
5 2 4332 4321 
5 2 4459 4457 
5 2 4459 6322 
5 2 4610 5041 
5 2 4719 4721 
5 2 4783 5772 
5 2 5017 8744 
5 2 5064 1257 
5 2 5262 2867 
5 2 5555 5250 
5 2 5640 5785 
5 2 5644 2317 
5 2 5737 1462 
5 2 5744 1487 
5 2 5777 8927 
5 2 5785 5640 
5 2 5790 5791 
5 2 6320 3763 
5 2 6413 6418 
5 2 6436 1663 
5 2 6452 6449 
5 2 6474 3094 
5 2 6492 6489 
5 2 6494 7485 
5 2 6494 7485 
5 2 6778 7304 
5 2 6943 6959 
5 2 6988 3226 
5 2 7004 5258 
5 2 7015 1838 
5 2 7066 7067 
5 2 7093 7075 
5 2 7101 4340 
5 2 7111 7112 
5 2 7155 4934 
5 2 7283 2157 
5 2 7332 7329 
5 2 7384 7385 
5 2 7391 3719 
5 2 7399 7391 
5 2 7399 7397 
5 2 7399 7401 
5 2 7400 7399 
5 2 7426 7427 
5 2 7478 3095 
5 2 7489 4078 
5 2 7650 7691 
5 2 7651 11296 
5 2 7680 7796 
5 2 8273 6303 
5 2 8278 8275 
5 2 8443 3335 
5 2 8462 3491 
5 2 8577 7385 
5 2 8598 9679 
5 2 8816 7676 
5 2 8816 7676 
5 2 8889 8891 
5 2 8985 8981 
5 2 9234 1915 
5 2 9330 2241 
5 2 9359 10990 
5 2 9365 9359 
5 2 9365 11001 
5 2 9385 9388 
5 2 9388 9385 
5 2 9409 9585 
5 2 9452 11185 
5 2 9709 9713 
5 2 9713 9709 
5 2 9766 9788 
5 2 9771 9772 
5 2 9788 9766 
5 2 9801 9842 
5 2 9801 9842 
5 2 9963 9888 
5 2 10046 10057 
5 2 10046 10057 
5 2 10367 10417 
5 2 10417 10367 
5 2 10729 10730 
5 2 10853 9992 
5 2 10990 9359 
5 2 11013 9567 
5 2 11097 9411 
5 2 11097 9420 
5 2 11106 9427 
5 2 11243 11241 
5 2 11243 11241 
5 2 11282 9288 
5 2 11293 11 
5 2 11296 7651 
5 2 11302 11301 
5 2 11305 11304 
5 2 11421 11432 
5 2 11448 11442 
5 2 11594 11601 
5 2 11603 1843 
5 2 11603 1843 
5 2 11615 1846 
5 2 11773 11768 
5 2 11903 2246 
5 2 12049 12056 
5 2 12254 12258 
5 2 12456 7340 
5 2 12861 12865 
5 2 13076 13057 
5 2 13411 13402 
5 2 13432 13421 
5 2 13668 13820 
5 2 13723 14339 
5 2 13748 12853 
5 2 14001 14008 
5 2 14659 14661 
5 2 14696 15059 
5 2 14721 14722 
5 2 14803 14795 
5 2 15009 13536 
5 2 15043 14702 
5 2 15203 15134 
5 2 15252 15239 
5 2 15256 15252 
5 2 19621 19622 
5 2 19667 19669 
5 2 19721 19731 
5 2 19742 19749 
5 2 19799 19800 
5 2 19808 19946 
5 2 19819 19824 
5 3 439 3041 8627 
5 3 684 2558 7504 
5 3 733 4697 4696 
5 3 803 11947 11951 
5 3 808 2045 5295 
5 3 884 4971 3302 
5 3 921 2308 4778 
5 3 931 932 3229 
5 3 947 3219 3220 
5 3 1036 9100 6389 
5 3 1060 4761 2611 
5 3 1086 8794 8796 
5 3 1379 4467 4466 
5 3 1389 1264 1330 
5 3 1395 13118 12569 
5 6 4038 4037 1478 4129 1452 4306 
5 3 1576 6398 6465 
5 3 1634 8768 8769 
5 3 1674 5385 856 
5 3 1699 5250 5555 
5 3 1702 5606 5607 
5 3 1783 4620 4622 
5 3 1804 1439 6320 
5 3 1838 7020 7021 
5 3 1938 4015 4319 
5 3 2001 951 921 
5 3 2053 4700 4701 
5 3 2115 2114 2109 
5 3 2130 7349 2103 
5 3 2159 4350 4176 
5 3 2169 7439 8207 
5 3 2176 5067 3413 
5 3 2255 11277 2194 
5 3 2377 2368 12335 
5 3 2407 1998 2400 
5 3 2416 9221 4614 
5 3 2538 4449 2537 
5 3 2635 940 7896 
5 3 2640 8902 8904 
5 3 2977 2976 5687 
5 3 3042 1261 7329 
5 3 3095 7474 2501 
5 3 3187 3188 3179 
5 3 3197 3187 9071 
5 3 3211 3214 3220 
5 3 3349 3473 3533 
5 3 3420 3293 3433 
5 3 3453 2715 8379 
5 3 3480 3386 3466 
5 3 3480 3543 5139 
5 3 3484 3485 8380 
5 3 3615 4356 7490 
5 3 3622 3620 3803 
5 3 3692 7266 7283 
5 3 3748 7350 3722 
5 3 3750 4411 3639 
5 3 3763 7242 4422 
5 3 3771 2106 3772 
5 3 3771 2130 2119 
5 3 3771 3798 7306 
5 3 3867 3882 7082 
5 3 3932 7385 3931 
5 3 4066 1479 4061 
5 3 4079 2359 7490 
5 3 4107 7126 7125 
5 3 4109 7126 4107 
5 3 4366 4365 5064 
5 3 4406 1466 8627 
5 3 4444 7352 2113 
5 3 4453 4440 7376 
5 3 4619 4788 4620 
5 3 4682 2058 4683 
5 3 4704 4666 8562 
5 3 4792 4794 4727 
5 3 4933 4932 4991 
5 3 4933 4934 4905 
5 3 4936 4935 1756 
5 3 4940 7163 5061 
5 3 4966 2397 876 
5 3 4999 2173 4367 
5 3 5003 2171 5002 
5 3 5055 8584 4184 
5 3 5069 1529 4186 
5 3 5125 5121 5116 
5 3 5289 5288 847 
5 3 5458 6634 8980 
5 3 5604 11554 2282 
5 3 5648 3221 947 
5 3 5671 7860 3033 
5 3 5679 928 6769 
5 3 5758 5746 4056 
5 3 5791 5792 5809 
5 3 5792 8928 5371 
5 3 5801 5788 5640 
5 3 5801 5789 5370 
5 3 5809 5792 5791 
5 3 5809 5792 5791 
5 3 6300 6299 6500 
5 3 6361 6385 6386 
5 3 6381 8240 8241 
5 3 6454 6434 6448 
5 3 6633 7004 2749 
5 3 6812 6819 6818 
5 3 6830 6827 12901 
5 3 6876 6865 6918 
5 3 6928 6930 8168 
5 3 6949 6944 8182 
5 3 6984 11423 11411 
5 3 6989 3179 3182 
5 3 7082 4337 3868 
5 3 7168 1946 7174 
5 3 7168 7167 4061 
5 3 7178 16995 16996 
5 3 7279 1527 4457 
5 3 7279 2560 7296 
5 3 7328 7330 7333 
5 3 7435 2531 2487 
5 3 7439 7440 2185 
5 3 7439 7440 2185 
5 3 7484 7475 7473 
5 3 7512 7518 7513 
5 3 7703 7713 7702 
5 3 7715 5545 3116 
5 3 7733 7642 7732 
5 3 7911 7912 7913 
5 3 7944 7933 7932 
5 3 7962 2321 6632 
5 3 8155 6912 8152 
5 3 8164 4 7329 
5 3 8336 8345 12464 
5 3 8371 8776 8479 
5 3 8481 8478 8476 
5 3 8598 9696 8818 
5 3 8731 8654 5137 
5 3 8774 1633 1634 
5 4 8774 3573 5140 1585 
5 3 8821 779 3017 
5 3 8840 3285 3284 
5 3 8855 8854 8862 
5 3 8856 3180 3179 
5 3 8955 8953 765 
5 3 9002 9005 1065 
5 3 9133 1578 3508 
5 3 9133 3339 6377 
5 3 9180 8793 8796 
5 3 9204 9605 9609 
5 3 9216 9222 1060 
5 3 9250 3663 3664 
5 3 9297 10439 10404 
5 3 9337 10965 10948 
5 3 9392 11051 9399 
5 3 9392 11051 9399 
5 3 9472 11249 9479 
5 3 9517 10573 10985 
5 3 9565 10998 9358 
5 3 9592 9593 9448 
5 3 9617 9291 9152 
5 3 9762 9797 9827 
5 3 9812 9879 9907 
5 3 9815 9921 9907 
5 3 9816 9810 9827 
5 3 9970 9985 9986 
5 3 10021 10068 10129 
5 3 10065 10089 10121 
5 3 10139 10095 10029 
5 3 10203 10268 10312 
5 3 10451 10473 10504 
5 3 10629 9385 11037 
5 3 10931 10930 10933 
5 3 10938 10934 709 
5 3 10948 10963 9517 
5 3 10992 10595 11004 
5 3 11105 9419 11107 
5 3 11205 9462 9472 
5 3 11304 11303 11302 
5 3 11311 11318 11327 
5 3 11327 11333 11335 
5 3 11491 11500 11499 
5 3 11634 11646 11743 
5 3 11846 11861 11877 
5 3 11903 817 11607 
5 3 12094 12089 12076 
5 3 12364 12365 12442 
5 3 12718 12743 12738 
5 3 13145 13147 13161 
5 3 13280 16356 16350 
5 3 13299 13293 13283 
5 3 13319 13312 13303 
5 3 13350 13336 13335 
5 3 13657 13757 13758 
5 3 13835 13858 13859 
5 3 14177 14174 14173 
5 3 14250 14205 14204 
5 3 14443 14448 14453 
5 3 14449 14451 14466 
5 3 14657 15023 15024 
5 3 14665 14664 15236 
5 3 14674 15234 15244 
5 3 14690 14850 14849 
5 3 14701 16384 13262 
5 3 14744 14752 14751 
5 3 14866 14776 14780 
5 3 14933 15127 15128 
5 3 14977 14958 15120 
5 3 15008 15007 15006 
5 3 15016 15153 13557 
5 3 15051 15050 15048 
5 3 15069 15079 15077 
5 3 15153 15155 15168 
5 3 15224 15217 14654 
5 3 15247 15251 15250 
5 3 16338 16341 16337 
5 3 19380 19377 19370 
5 3 19669 19382 19381 
5 3 19740 19728 19715 
5 3 19745 19753 19670 
5 3 19760 19761 19786 
5 3 19771 19772 19773 
5 3 19789 19787 19785 
5 3 19803 19698 19709 
5 3 19808 19813 19814 
5 3 19815 19820 19821 
5 3 19852 19849 19844 
5 3 19880 19865 19860 
5 3 19972 6871 9036 
5 4 246 1317 1801 1389 
5 4 646 640 4134 3615 
5 4 731 11022 11015 9365 
5 4 734 9399 11033 9383 
5 4 737 9525 10672 9405 
5 4 757 19890 19898 19910 
5 4 775 8962 2447 8955 
5 4 823 7157 4817 4818 
5 4 860 5781 6660 5777 
5 4 947 958 1874 1681 
5 4 1200 1705 3497 3317 
5 4 1255 8253 8254 8340 
5 4 1476 12350 4492 12359 
5 4 1623 6603 9071 975 
5 4 1790 7877 5674 1789 
5 4 1806 1807 1805 1804 
5 4 1806 7324 7262 4422 
5 4 1963 4450 4436 2537 
5 4 1987 4290 1985 1437 
5 4 2103 7246 7244 7361 
5 4 2106 2562 10461 4444 
5 4 2106 3707 5120 2113 
5 4 2176 2177 3470 5139 
5 4 2181 4278 8917 7436 
5 4 2192 11290 778 7763 
5 4 2205 2207 7456 9041 
5 4 2215 2214 2217 4147 
5 4 2342 12213 12198 12176 
5 4 2381 2375 2372 955 
5 4 2393 945 1875 2375 
5 4 2559 3752 7278 3753 
5 4 2626 801 7755 7545 
5 4 2655 2620 3302 4981 
5 4 2657 4967 2272 4966 
5 4 2722 2170 5001 5003 
5 4 2722 2725 4914 4915 
5 4 2728 5004 1743 2722 
5 4 2735 4353 4106 1437 
5 4 2738 2631 5202 5235 
5 4 2738 2631 5202 5235 
5 4 2828 5563 2970 7013 
5 4 2843 5615 1844 11713 
5 4 2871 5435 2909 5434 
5 4 2906 1869 2900 7950 
5 4 2929 6994 5516 5517 
5 4 2975 5255 2980 2749 
5 4 3033 7858 7859 3110 
5 4 3035 1850 1065 6637 
5 4 3124 7681 3016 7680 
5 4 3127 7659 7722 7661 
5 4 3231 12334 3256 12320 
5 4 3245 8550 3198 8856 
5 4 3306 4635 2261 5052 
5 4 3337 3481 3387 3585 
5 4 3356 3506 1636 8311 
5 4 3369 3567 1577 3513 
5 4 3412 1008 8548 3248 
5 4 3442 4434 3364 4428 
5 4 3518 3519 8451 8452 
5 4 3591 2665 3590 2712 
5 4 3615 4136 4138 4206 
5 4 3649 427 1966 3777 
5 4 3657 1517 3912 1514 
5 4 3722 7288 2157 3975 
5 4 3743 2482 3701 239 
5 4 3886 4336 1464 4125 
5 4 3898 3906 4020 1490 
5 4 3912 3913 7382 7383 
5 4 3975 3746 3732 3742 
5 4 4023 3901 3903 2525 
5 4 4029 3048 3047 4028 
5 4 4033 4300 1948 4303 
5 4 4066 4065 4364 4554 
5 4 4169 4168 4185 4187 
5 4 4186 4187 4154 4155 
5 4 4200 4202 1982 3877 
5 4 4296 4117 4119 1437 
5 4 4327 4326 7515 1500 
5 4 4408 3714 3712 4406 
5 4 4457 4439 4455 7296 
5 4 4468 4469 4562 4209 
5 4 4474 4473 1357 4468 
5 4 4521 7195 4528 1402 
5 4 4835 4836 2421 1038 
5 4 4899 4900 4753 4754 
5 4 4969 6659 5795 6660 
5 4 5018 8744 8753 9632 
5 4 5019 2068 1861 4797 
5 4 5036 2417 4744 1060 
5 4 5151 5150 5149 5640 
5 4 5188 1671 5187 1691 
5 4 5289 2877 2878 5218 
5 4 5308 1675 5327 1674 
5 4 5456 5621 5622 5623 
5 4 5686 1565 2975 5687 
5 4 5737 8572 5741 5744 
5 4 5759 11236 3185 9536 
5 4 5772 5784 5797 5785 
5 4 5933 5932 2311 876 
5 4 6356 1664 2638 6347 
5 4 6367 1532 3411 3513 
5 4 6413 6419 6420 6492 
5 4 6426 6429 1560 6492 
5 4 6566 6719 6720 8995 
5 4 6628 5586 9082 5585 
5 4 6698 6699 6700 6824 
5 4 6957 6934 6933 6928 
5 4 7015 2986 12192 2756 
5 4 7083 3865 4024 7097 
5 4 7152 4189 8586 7135 
5 4 7279 7243 2477 16965 
5 4 7296 2559 257 3748 
5 4 7324 7263 7261 3622 
5 4 7441 7522 2169 7438 
5 4 7442 1244 6538 6536 
5 4 7519 7380 3927 1933 
5 4 7625 7000 7600 7599 
5 4 7733 7641 7744 780 
5 4 7751 2918 5324 2325 
5 4 7775 6973 7554 7553 
5 4 7813 6637 7854 3110 
5 4 7911 7880 7883 7964 
5 4 7920 7922 7923 7918 
5 4 8121 8062 8114 8111 
5 4 8152 6915 1222 8160 
5 4 8155 8148 8151 6675 
5 4 8171 6778 6929 8165 
5 4 8258 8256 8255 8253 
5 4 8315 6412 8301 8302 
5 4 8351 1558 4525 4519 
5 4 8517 8515 2089 3998 
5 4 8578 1758 1164 2732 
5 4 8598 9696 9698 9703 
5 4 8769 8771 8797 8796 
5 4 8809 9195 1142 3405 
5 4 8915 8409 8411 8414 
5 4 8922 8926 5344 2325 
5 4 9303 10493 10454 10417 
5 4 9318 10946 10938 2243 
5 4 9326 9320 707 10495 
5 4 9362 724 11004 11011 
5 4 9383 11033 9399 734 
5 4 9412 740 9394 11052 
5 4 9437 11139 11143 9583 
5 4 9509 6825 9513 3287 
5 4 9515 10973 9518 9358 
5 4 9527 9580 9421 11103 
5 4 9545 6726 9539 9284 
5 4 9600 11234 12342 11305 
5 4 9605 9466 10710 9600 
5 4 9662 9661 11733 11354 
5 4 9679 8598 9696 8818 
5 4 9679 9673 9670 9671 
5 4 9692 9700 3140 11411 
5 4 9854 9866 9883 9937 
5 4 9867 10839 10842 9992 
5 4 10001 9963 9972 9973 
5 4 10007 10856 10051 10108 
5 4 10025 10846 9971 9973 
5 4 10083 10050 10006 9969 
5 4 10121 10134 10132 10235 
5 4 10156 10221 10312 10356 
5 4 10295 10361 10406 10446 
5 4 10386 10424 10442 10431 
5 4 10433 10399 10330 10898 
5 4 10448 10487 10490 10933 
5 4 10779 10787 10799 10803 
5 4 10868 10088 10108 10871 
5 4 10999 727 11008 11020 
5 4 11317 11326 11324 11325 
5 4 11411 11398 11389 11381 
5 4 11427 11437 11453 11473 
5 4 11431 11415 11403 11392 
5 4 11499 11503 11493 11484 
5 4 11499 12347 11487 11473 
5 4 11508 11495 11484 11471 
5 4 11538 11525 11512 11499 
5 4 11658 3141 11634 11622 
5 4 11658 11665 1845 11692 
5 4 11713 2852 7009 5403 
5 4 11801 11817 11833 11846 
5 4 11976 11988 11991 12005 
5 4 12001 2865 12033 12046 
5 4 12083 893 12092 12088 
5 4 12122 12103 12091 12083 
5 4 12313 2385 2396 2314 
5 4 12398 2362 8532 2589 
5 4 12542 12545 12534 12528 
5 4 12676 12675 12674 12677 
5 4 12903 12462 12471 12480 
5 4 12957 12940 12934 12922 
5 4 12957 12970 12976 12977 
5 4 12959 12956 12953 12940 
5 4 12976 12993 13003 13018 
5 4 13056 13049 13027 13011 
5 4 13057 13042 13025 13013 
5 4 13069 13080 13083 13079 
5 4 13166 13176 13184 13193 
5 4 13179 13170 13162 13153 
5 4 13267 16348 15223 15224 
5 4 13270 16355 13276 13287 
5 4 13285 13292 13297 13300 
5 4 13398 13399 13381 13379 
5 4 13399 13437 13413 13402 
5 4 13624 13625 13629 13631 
5 4 13825 13723 13722 13711 
5 4 14160 14166 14169 14159 
5 4 14247 14196 14259 14257 
5 4 14316 14315 14328 14372 
5 4 14316 14410 14427 14407 
5 4 14510 14500 14499 14495 
5 4 14578 14589 14591 12883 
5 4 14691 14692 14693 14694 
5 4 14728 14919 14920 14918 
5 4 14831 14839 14840 14836 
5 4 14856 14860 14859 14857 
5 4 14918 14910 14915 14914 
5 4 14956 14822 14818 14817 
5 4 14987 14986 14977 14959 
5 4 14997 14996 14926 14927 
5 4 15112 14856 14845 14844 
5 4 15152 15164 15168 15169 
5 4 15169 15172 15159 15160 
5 4 15195 14686 14687 14688 
5 4 15240 14665 14694 15064 
5 4 15240 14666 14691 14849 
5 4 15241 15219 15221 15220 
5 4 15247 15246 15222 15228 
5 4 15248 15258 15256 15253 
5 4 16374 16375 16377 13820 
5 4 16988 16976 7377 3042 
5 4 16996 4556 7198 1513 
5 4 19699 19695 19700 19696 
5 4 19699 19710 19721 19734 
5 4 19739 19822 19815 19808 
5 4 19739 19825 19824 19821 
5 4 19739 19829 19688 19692 
5 4 19745 19731 19724 19720 
5 4 19915 768 19893 19884 
5 4 19921 19915 19902 19888 
5 4 19972 9031 6862 6800 
5 5 485 3579 3580 3331 1650 
5 5 753 11203 9459 9451 749 
5 5 778 11289 9550 11283 2255 
5 5 828 2881 5205 2797 2884 
5 5 856 5364 870 8939 8933 
5 5 992 4829 3433 8765 3291 
5 5 1011 6523 6519 6520 1608 
5 5 1191 4904 7055 2066 4905 
5 5 1227 2719 2718 8427 8426 
5 5 1259 7138 3598 1643 8427 
5 5 1354 1401 4135 3613 646 
5 5 1681 1873 1682 967 7921 
5 5 1748 1300 4198 7130 7128 
5 5 1756 5063 5062 4940 2599 
5 5 1835 9021 2971 2973 8985 
5 5 2063 5157 2319 2906 2898 
5 5 2123 7429 3803 2128 2096 
5 5 2158 2161 2162 4291 1985 
5 5 2215 2216 3381 3583 3548 
5 5 2241 9309 9301 10460 10416 
5 5 2409 2410 4787 2075 4619 
5 5 2445 2442 4738 4816 4737 
5 5 2581 12458 9049 9052 9050 
5 5 2596 4573 4572 12352 12351 
5 5 2661 4965 2002 892 2405 
5 5 2690 3595 2687 2698 3386 
5 5 2708 3528 1178 3316 8470 
5 5 2756 3131 12204 2578 12185 
5 5 2792 2954 2990 11535 11531 
5 5 2921 5418 2747 3040 1580 
5 5 2954 2956 11649 5451 2847 
5 5 2971 7014 906 7018 2828 
5 5 2976 2974 8991 8984 8981 
5 5 3017 7644 7680 7798 780 
5 5 3042 4421 8164 3744 3736 
5 5 3108 4736 2610 4614 9216 
5 5 3116 7667 2256 7683 7788 
5 5 3148 5352 5348 7558 7559 
5 5 3410 3409 3513 8243 6381 
5 5 3413 3469 1197 8805 8476 
5 5 3453 3417 3451 8469 8470 
5 5 3456 3392 1535 3452 3453 
5 5 3522 3523 8896 8897 8898 
5 5 3622 4410 7250 7361 3042 
5 5 3657 3658 3659 1520 3682 
5 5 3678 3668 3649 3683 3687 
5 5 3724 16969 3723 16973 16966 
5 5 3732 3697 7425 7430 3724 
5 5 3735 4400 3706 3745 3705 
5 5 3742 3719 2565 3741 3743 
5 5 3870 7070 4338 2736 8574 
5 5 4046 4049 12371 1509 1506 
5 5 4125 8573 4101 1423 4102 
5 5 4159 5014 4094 2512 4092 
5 5 4206 4357 4360 4076 7490 
5 5 4267 4268 4269 8421 8424 
5 5 4318 5757 7511 7513 1494 
5 5 4324 1510 3654 2496 1926 
5 5 4326 4010 4013 4332 4322 
5 5 4370 4369 4374 4373 2092 
5 5 4422 3703 5124 16990 3731 
5 5 4612 1013 4613 4838 3108 
5 5 4717 2302 3430 3428 3424 
5 5 5021 1659 9180 9179 9184 
5 5 5085 5092 5087 5244 2909 
5 5 5114 1549 6554 8118 8112 
5 5 5123 5125 5128 5129 5130 
5 5 5132 5127 4405 4407 4408 
5 5 5187 2028 5186 2029 5332 
5 5 5252 2937 2765 5251 2934 
5 5 5310 830 2892 5328 1674 
5 5 5371 2046 5390 5358 5311 
5 5 5403 879 7016 5262 2285 
5 5 5429 5252 5248 5553 2783 
5 5 5474 2872 5476 8974 8971 
5 5 5594 2757 5275 7019 1838 
5 5 5618 2787 5630 5404 5403 
5 5 5763 3206 3204 3207 3211 
5 5 5785 5787 3272 3270 5151 
5 5 6322 3750 3736 3760 3731 
5 5 6370 6375 1036 6393 6395 
5 5 6414 8306 6418 8274 8273 
5 5 6504 7445 1718 6506 6507 
5 5 6595 3472 2176 5054 5069 
5 5 6597 6598 6599 6600 6601 
5 5 6800 6801 6958 6952 6959 
5 5 6880 1182 6883 9036 1799 
5 5 6886 1828 5715 8169 5710 
5 5 6894 6895 6890 6900 1727 
5 5 6957 6925 6921 6878 8160 
5 5 7008 7007 7006 2867 5560 
5 5 7044 5282 1809 7878 7870 
5 5 7235 7236 7233 7319 7320 
5 5 7314 7298 7317 7318 7320 
5 5 7323 7309 7305 3947 3977 
5 5 7325 7307 3955 3954 3823 
5 5 7352 7322 4443 3639 4459 
5 5 7385 3931 3930 7492 3926 
5 5 7392 1519 9248 9242 9234 
5 5 7499 7496 1485 4318 4327 
5 5 7535 2194 11264 11253 9542 
5 5 7651 7726 7691 7661 7724 
5 5 7764 786 7765 7550 7545 
5 5 7788 7787 7686 7648 780 
5 5 7825 9035 1730 9009 9007 
5 5 8022 8023 8030 3104 1599 
5 5 8117 8115 8121 1550 8101 
5 5 8168 8166 8165 8159 6876 
5 5 8177 6802 6950 6948 6949 
5 5 8241 6395 1085 6464 6465 
5 5 8258 1557 8222 8261 1558 
5 5 8338 1711 8335 8336 8330 
5 5 8383 8232 8233 1237 8235 
5 5 8574 4125 3882 4337 3886 
5 5 8599 8975 9512 3287 3022 
5 5 8627 1385 1260 8626 1389 
5 5 8759 9620 9617 9287 9613 
5 5 8768 8473 8767 3447 3364 
5 5 8784 2502 3394 2702 2712 
5 5 8829 9151 9152 9498 8596 
5 5 8922 8925 5384 5323 5320 
5 5 8925 841 5325 5326 1675 
5 5 8933 8934 5363 8935 6632 
5 5 8996 6568 8068 8074 6563 
5 5 8999 1572 6790 5573 2249 
5 5 8999 6960 6785 6784 5572 
5 5 9017 3236 9475 9044 9471 
5 5 9050 2204 639 6842 6841 
5 5 9070 9334 747 11187 9282 
5 5 9123 6777 6646 1571 8999 
5 5 9184 4948 8809 9159 8802 
5 5 9358 10976 9269 10958 9318 
5 5 9417 9432 11144 11155 9445 
5 5 9419 11093 11077 9403 11057 
5 5 9434 11185 11189 9592 9204 
5 5 9439 11156 9433 11170 9282 
5 5 9448 11164 9438 9426 11114 
5 5 9449 11181 9589 9434 9585 
5 5 9570 9276 11021 9367 9374 
5 5 9580 11123 9437 11159 11176 
5 5 9655 12343 9622 9206 9157 
5 5 9715 9719 9714 9713 11433 
5 5 9739 9736 9732 9728 9723 
5 5 9772 9771 9815 9921 9907 
5 5 9816 9854 9830 9814 9791 
5 5 9823 9827 9810 9816 9761 
5 5 9823 9838 9801 10825 9763 
5 5 9906 9872 9842 10829 10828 
5 5 9908 9936 9973 10007 10021 
5 5 9953 9888 9865 9844 9829 
5 5 10164 10149 10093 10070 10036 
5 5 10451 10440 10367 10338 10257 
5 5 10729 10726 9480 10717 11237 
5 5 10863 10085 10168 10262 10306 
5 5 10986 10978 9271 10956 9331 
5 5 11057 9392 492 11013 9370 
5 5 11195 9598 9595 12341 11302 
5 5 11300 10381 10477 2240 9301 
5 5 11369 11363 11366 11365 11367 
5 5 11508 11519 11840 11843 11846 
5 5 11593 11574 11563 11543 11521 
5 5 11609 5608 5607 2291 2844 
5 5 11719 11542 2281 11569 7747 
5 5 11726 11730 11732 7748 2989 
5 5 11964 11976 11995 12011 12035 
5 5 11979 11994 852 12028 12041 
5 5 12032 12052 12073 12069 12065 
5 5 12039 12040 859 12036 12035 
5 5 12115 12125 12140 12148 12163 
5 5 12168 12174 12186 12200 12215 
5 5 12227 12224 12216 5690 7021 
5 5 12277 12285 12286 12298 12293 
5 5 12425 2221 12421 13119 13797 
5 5 12511 12518 12530 12529 12538 
5 5 12530 12544 12542 12556 12573 
5 5 12643 12640 12627 12620 12610 
5 5 12733 12710 12690 12676 12968 
5 5 12787 12770 12759 12738 12739 
5 5 12873 14558 14559 14560 14562 
5 5 12951 12662 12665 12663 12667 
5 5 12967 12948 12926 12645 12633 
5 5 12972 12955 12931 12927 12656 
5 5 13006 12996 12984 12967 12960 
5 5 13006 13019 13034 13052 12779 
5 5 13052 13064 13067 13060 13056 
5 5 13056 13069 13085 13098 13105 
5 5 13334 13333 13330 13238 13230 
5 5 13458 13457 13456 13452 13466 
5 5 13468 13473 13478 13481 13482 
5 5 13536 13540 13541 13537 13545 
5 5 13637 13640 13643 14511 14517 
5 5 13639 13642 13601 13603 13604 
5 5 13750 12853 12857 12861 13884 
5 5 13792 13793 13795 13878 13888 
5 5 13888 13894 13882 12865 12868 
5 5 14007 14003 13943 13944 13942 
5 5 14089 14098 14109 14108 14102 
5 5 14169 14156 14158 14170 14173 
5 5 14336 14335 14334 14333 14332 
5 5 14432 14433 14449 14450 14437 
5 5 14483 14661 14660 16382 13265 
5 5 14521 14522 14495 14535 14536 
5 5 14571 14584 14574 14575 14576 
5 5 14582 14563 14561 14562 14301 
5 5 14651 16358 16350 16347 16348 
5 5 14673 14674 14675 14676 15232 
5 5 14715 14716 15045 15058 15056 
5 5 14728 14729 14730 14996 15128 
5 5 14767 14759 14758 14757 14744 
5 5 14785 14637 14638 14639 12897 
5 5 14836 14835 14815 14817 14825 
5 5 14857 15097 15096 15094 15095 
5 5 14914 14912 14974 14985 14988 
5 5 14971 14969 14968 15109 15117 
5 5 14988 14987 14983 14984 14945 
5 5 15004 15006 14520 14523 13497 
5 5 15056 15057 15055 15048 14491 
5 5 15103 15104 15229 15241 15242 
5 5 15159 15150 15142 15138 15177 
5 5 16410 12826 12804 12792 12777 
5 5 16971 16970 16968 16967 3740 
5 5 19620 19622 19625 19681 19683 
5 5 19624 19677 19755 19749 19745 
5 5 19672 19673 19674 19754 19745 
5 5 19692 19693 19803 19799 19795 
5 5 19739 19689 19696 19708 19720 
5 5 19740 19750 19756 19623 19620 
5 5 19771 19781 19783 19789 19793 
5 5 19786 19794 19762 19705 19707 
5 5 19793 19800 19806 19704 789 
5 5 19821 19819 19817 19816 19785 
5 5 19824 19829 19691 19695 19710 
5 5 19882 19880 19885 757 19874 
5 5 19886 19878 19866 19867 19857 
5 5 19921 19932 19945 19956 19771 
5 6 32 4376 7418 3962 7373 7413 
5 6 485 3585 3329 1227 2721 3463 
5 6 766 9479 11251 9481 11246 11243 
5 6 803 11928 11915 11904 11885 11862 
5 6 856 2322 5360 2327 5331 1672 
5 6 947 1863 1862 1872 8142 7932 
5 6 975 6989 9066 3182 3190 8849 
5 6 1154 7833 7831 7817 7818 7815 
5 6 1160 7451 6484 6481 6474 6476 
5 6 1513 4544 4511 4510 4247 4246 
5 6 1661 9645 9642 9643 8474 8769 
5 6 1920 3681 1919 3664 3679 3678 
5 6 2046 2330 3168 5366 3167 5364 
5 6 2205 9048 9051 9050 6847 6845 
5 6 2215 2216 6601 3533 3556 2219 
5 6 2219 3474 6595 6596 6597 4186 
5 6 2243 10948 9267 10945 10953 9338 
5 6 2351 7137 5031 1857 5055 5069 
5 6 2696 2705 2670 2703 3465 9197 
5 6 2787 5703 5704 2829 5405 2285 
5 6 2847 5452 5456 5457 8979 8980 
5 6 3085 309 8353 8325 8341 8322 
5 6 3103 6495 6476 6477 6478 6482 
5 6 3141 11637 1846 11627 1843 11617 
5 6 3161 7958 2834 7964 7888 7889 
5 6 3398 1639 8361 1640 8281 8294 
5 6 3473 3348 3530 3330 3582 3548 
5 6 3525 3526 3522 3524 8906 9133 
5 6 3548 3549 3580 3379 3581 1259 
5 6 3692 3753 16964 16965 16966 3740 
5 6 3706 3702 3981 4458 3976 3973 
5 6 3788 3825 2092 3992 3991 2471 
5 6 3845 3841 7435 2533 7406 3993 
5 6 3998 8505 12401 12404 3943 3945 
5 6 4079 4077 1455 4361 4074 4070 
5 9 1452 4307 4311 4085 4083 4081 1972 4078 4079 
5 6 4088 1391 4092 4176 4175 4177 
5 6 4157 4158 1856 4162 3610 646 
5 6 4266 7143 1363 4205 4466 2505 
5 6 4272 2179 4271 4268 4267 4266 
5 6 4454 9262 4451 3634 7254 7296 
5 6 4492 2079 12357 4540 7493 4572 
5 6 4611 4733 4833 1027 4840 3108 
5 6 4623 4624 4778 4625 4626 4781 
5 6 4726 4831 4606 957 4723 4601 
5 6 4740 5016 5017 5018 8750 5019 
5 6 4770 2263 4769 2613 4721 992 
5 6 8779 8780 8476 4984 5070 4982 
5 6 4982 8482 8481 8479 8804 1658 
5 6 4994 5026 2600 5025 5030 3413 
5 6 5031 8585 4184 2354 2734 4183 
5 6 5258 6633 1835 5407 2780 5558 
5 6 5311 1677 5310 5309 3172 5308 
5 6 5523 2785 5429 5247 2939 5246 
5 6 5555 2803 2934 2815 2927 2774 
5 6 5651 7620 7618 7627 7614 7616 
5 6 5741 8570 5739 5738 7166 4065 
5 7 7513 5755 4038 4282 7489 8569 5737 
5 6 5772 5810 5804 6665 12311 896 
5 6 6360 6359 6356 6355 6430 6433 
5 6 6464 6392 6391 6389 6388 6361 
5 6 6465 6466 8300 6413 8305 6414 
5 6 6476 6472 6428 9122 6426 6425 
5 6 6507 6489 6488 2220 8274 8273 
5 6 6536 6539 6540 8269 6305 6306 
5 6 6590 3252 3251 3250 3257 3231 
5 6 6608 3238 5763 5761 965 2316 
5 6 6800 6864 6940 6939 6932 6928 
5 6 6876 8161 8160 8154 8162 1799 
5 6 6900 1729 6901 6905 7823 8007 
5 6 7067 4031 3870 3869 1952 3867 
5 6 7083 1940 7086 1489 7089 3868 
5 6 7097 7098 2524 7083 1940 7086 
5 6 7355 4386 7222 2469 7503 7339 
5 6 7511 7512 4047 7517 4329 4046 
5 6 7568 7541 7592 7769 7585 6972 
5 6 7630 2945 5402 5694 2948 2958 
5 6 7650 7663 7802 3014 7801 2256 
5 6 7693 7799 7745 11293 11291 11292 
5 6 7775 7556 2569 5356 5221 3151 
5 6 7913 1621 7915 7918 7925 1592 
5 6 7934 7951 7950 7949 7948 5633 
5 6 8048 7905 7907 7909 1665 8138 
5 6 8203 1289 1738 1737 8257 8256 
5 6 8387 8389 8388 8384 8383 8287 
5 6 8452 3448 1061 3334 8465 8464 
5 6 8769 3341 8455 8454 3342 3453 
5 6 8769 3518 3407 8443 4428 3443 
5 6 8779 2690 8371 8372 3405 8783 
5 9 8855 8883 3516 1662 8863 1635 3568 3569 3410 
5 6 8946 8947 1866 1865 1864 1863 
5 6 8946 8949 1868 895 5168 2900 
5 6 8968 8969 5426 5246 5245 2913 
5 6 8991 5688 9081 6769 7029 7030 
5 6 9007 7819 7822 8007 6672 8155 
5 6 9007 9010 7820 7815 7999 1803 
5 6 9096 6386 6387 9115 6422 6425 
5 6 9197 2714 3539 2713 3395 3548 
5 6 9231 9233 7122 3650 9226 7118 
5 6 9325 10783 10777 10776 10774 9308 
5 6 9326 8592 9329 10943 9315 10935 
5 6 9326 9331 10941 9323 10942 2241 
5 6 9449 11176 11162 11146 739 9529 
5 6 9449 11202 9596 8781 3189 9471 
5 6 9499 9155 8829 774 9137 8599 
5 6 9511 765 9148 9501 9499 9494 
5 6 9563 9363 9370 11000 9275 10986 
5 6 9691 9701 9705 9709 11433 11428 
5 6 9850 10831 10836 9881 9918 10843 
5 6 10027 10025 10029 10868 10738 10181 
5 6 10101 10139 10203 10233 10275 10331 
5 6 10156 10128 10101 10033 10853 10027 
5 6 10187 10127 10137 10116 10867 10863 
5 6 10729 10733 11273 9288 7809 7640 
5 6 10899 10274 10187 10876 10862 10036 
5 6 11228 11240 7095 9613 9478 9157 
5 6 11253 11258 9486 11263 766 10732 
5 6 11300 10904 10311 10898 10243 10164 
5 6 11357 11367 11376 11382 11402 11419 
5 6 11388 11406 11429 8590 11459 11465 
5 6 11411 11422 11428 11450 800 11492 
5 6 11432 11429 11435 11430 11431 11442 
5 6 11603 11592 11578 11576 11584 11574 
5 6 11799 11804 11792 11790 11786 11794 
5 6 12175 12178 12181 12164 2751 12134 
5 6 12215 2753 12218 12225 12230 12237 
5 6 12237 12232 12228 12227 12235 2987 
5 6 12409 12411 12406 12405 2125 3944 
5 6 12426 12430 12433 14014 14019 14059 
5 6 12506 12505 12504 12499 12500 12495 
5 6 12609 12616 12619 12623 12617 12624 
5 6 12802 12804 12790 12780 12784 12786 
5 6 12831 12836 12840 12829 12825 12826 
5 6 12914 12916 12920 12917 12922 12915 
5 6 12999 12990 12972 12971 12964 12959 
5 6 13029 13039 13047 13057 13063 13066 
5 6 13103 13092 13079 13070 13059 13039 
5 6 13219 13410 16412 16413 13215 13208 
5 6 13226 13227 13229 13230 13228 235 
5 6 13369 13396 13395 13398 13428 13470 
5 6 13446 13445 13422 13224 13220 13219 
5 6 13460 13449 15078 15077 15076 15075 
5 6 13507 13508 13510 13529 13514 13526 
5 6 13526 13514 13511 13496 13499 15008 
5 6 13648 13645 13622 13623 13624 705 
5 6 13784 13890 13891 13832 13833 13873 
5 6 14257 14256 14395 14397 14429 14464 
5 6 14285 14287 14264 14265 14266 14272 
5 6 14336 14724 14723 14722 15749 14922 
5 6 14431 14426 14419 14414 14411 14406 
5 6 14624 14783 14781 14780 14777 14826 
5 6 14632 14724 14736 14737 14726 14727 
5 6 14706 14715 14714 14713 14491 13121 
5 6 14748 14754 14742 14900 16361 15749 
5 6 14918 14927 14933 14934 14938 14940 
5 6 15027 15042 15044 15036 15039 15032 
5 6 15071 15072 15070 15069 15067 14692 
5 6 19380 19384 19385 19669 19670 19674 
5 6 19620 19624 19675 784 19673 19672 
5 6 19621 19617 19619 19624 19623 19625 
5 6 19683 19684 19735 19726 19719 19707 
5 6 19904 19906 19905 19897 19891 19881 
5 7 905 914 1997 4714 921 1780 4622 
5 7 909 12098 12105 12107 12122 12138 2751 
5 7 1021 1011 6365 1531 3412 3571 3410 
5 7 1086 5021 1661 9644 5057 8743 1633 
5 7 1494 5748 4044 5758 4041 5743 5744 
5 7 1506 7205 2348 2529 7203 3916 8514 
5 7 1700 2830 5254 2802 2286 2853 5415 
5 7 1719 6504 8339 1720 1708 8338 1710 
5 7 1738 8217 1739 1740 8214 8213 4522 
5 7 1806 7249 2480 2478 7252 7253 2123 
5 7 1826 6886 7844 1831 7843 7839 7840 
5 7 2096 3806 7244 7360 3766 7332 5120 
5 7 2249 5728 1790 7879 7872 7874 6642 
5 7 2256 7666 796 7737 3125 5736 3126 
5 7 2345 1824 5710 1789 1825 7857 7813 
5 7 2377 5142 955 2390 5935 5934 5933 
5 7 2409 2412 4786 5052 4593 3422 3418 
5 7 2487 3827 7387 445 3832 2125 3944 
5 7 2696 2712 3336 8379 3321 3594 3593 
5 7 2798 2033 5339 5238 5237 2632 5079 
5 7 2878 5286 828 6974 2874 5486 2334 
5 7 3035 7841 7838 7840 7834 7830 7831 
5 7 3153 5397 2629 7715 7716 3117 7724 
5 7 3317 8467 8466 8464 8462 1116 8446 
5 7 3358 2683 2680 3484 2681 3338 1200 
5 7 3369 3566 3509 3510 3396 6410 6381 
5 7 3410 3569 8903 2640 3369 8898 8893 
5 7 3560 3561 3399 2682 4423 3318 3488 
5 4 8863 8864 8547 8550 
5 7 3853 3688 3687 3779 3686 1965 3845 
5 7 3860 3861 7116 7117 7118 4324 4325 
5 7 4126 4034 4298 1485 5757 7497 7513 
5 7 4206 1399 4205 1379 4468 4265 4266 
5 7 4206 4137 1387 1354 4141 4149 4147 
5 7 4229 16417 16421 16393 16392 4253 16388 
5 7 4322 3911 3910 3908 3907 1495 4325 
5 7 4446 628 2545 3640 3637 3638 3635 
5 7 4546 4547 8525 8526 12389 2084 7188 
5 7 4567 4588 1301 2582 12673 12672 12671 
5 7 4590 4589 4576 12721 12718 12714 12725 
5 7 4827 3288 9631 9630 9628 4789 4619 
5 7 4861 4862 4859 4858 1053 4616 4846 
5 7 4936 4993 4994 1232 1257 2353 5031 
5 7 4981 860 4822 4640 5790 4641 4642 
5 7 5108 5115 5114 5101 5109 5103 5096 
5 7 5173 7971 7973 1540 1611 7977 3106 
5 7 5254 1699 5257 2749 2977 2748 2973 
5 7 5587 6733 6730 6729 8075 8069 6566 
5 7 5775 896 5642 1679 886 2905 2898 
5 7 6425 1576 6421 6420 2220 8275 6496 
5 7 6536 6538 6541 8247 1267 8246 7441 
5 7 6553 8064 6551 5105 5111 5112 5096 
5 7 6900 6889 1138 6904 7827 1732 7825 
5 7 7059 4910 4909 4999 2172 4995 4994 
5 7 7325 7524 8545 7314 7315 7231 7230 
5 7 7344 7358 7345 12383 12377 12378 12453 
5 7 7438 7437 4277 4279 1304 4274 4272 
5 7 7548 7580 7757 7578 777 7539 7577 
5 7 7716 647 7719 7720 7654 5354 5223 
5 7 7962 2897 2063 5637 5638 5152 5151 
5 7 8207 8198 8200 8208 8211 2186 8213 
5 7 8397 1854 8414 8417 8419 8424 8426 
5 7 8470 8439 3317 3346 6312 1706 3488 
5 7 8514 2530 4002 8518 8513 2010 8519 
5 7 8783 8784 2674 9191 3456 8920 8797 
5 7 8946 8948 1870 1680 2898 2904 5151 
5 7 8967 5549 917 5416 2770 5414 5415 
5 7 8980 8978 5627 1698 2285 5261 5558 
5 7 9012 5722 5574 6892 6894 1827 1826 
5 7 9133 8907 8908 6318 8910 4427 4423 
5 7 9197 3541 2668 3466 3349 3478 2219 
5 7 9222 9217 9214 5035 1041 2422 1038 
5 7 9318 10939 10931 2244 10474 10445 10451 
5 7 9439 9445 9447 11196 11215 11224 11235 
5 7 9494 761 9017 9065 9284 5759 9070 
5 7 9523 11046 11041 9570 9383 11016 9563 
5 7 9526 9405 9521 11047 9390 9198 11012 
5 7 9542 759 9476 10715 9472 9467 753 
5 7 9563 10995 9559 10981 9348 9338 9330 
5 7 9715 9717 9718 9723 9727 12346 7633 
5 7 9842 9920 10841 9944 10850 10857 10860 
5 7 10065 10034 10001 9953 9889 9854 9816 
5 7 10331 10387 10431 10925 10933 710 9515 
5 7 10729 9490 10732 9497 11280 11284 2192 
5 7 10945 10962 9337 10979 10989 9519 9374 
5 7 10981 9273 9374 9372 11019 11029 11039 
5 7 10986 9357 9356 9561 10997 2236 9365 
5 7 10990 722 9346 714 10955 9327 9319 
5 7 11010 11028 9384 2235 11053 11067 9401 
5 7 11305 11310 11317 9650 9651 9653 9655 
5 7 11475 11465 11448 11760 11765 11766 11770 
5 7 11492 11511 11529 11550 11575 11603 11615 
5 7 11514 11521 11533 11548 11541 11538 11556 
5 7 11528 11601 11612 7748 2989 11534 2282 
5 7 11549 11540 11721 11720 2283 11510 11511 
5 7 11657 11650 11642 11636 11633 11621 11607 
5 7 11804 11811 11823 11824 11825 11828 11842 
5 7 11879 11898 11910 2246 11926 11943 11948 
5 7 11948 842 11977 11987 12005 12021 12040 
5 7 12035 12037 12041 12044 2866 12048 12046 
5 7 12035 12080 12088 12104 2754 12134 12168 
5 7 12104 12099 12109 12115 12110 12119 12106 
5 7 12168 12179 2752 12253 12257 12260 2342 
5 7 12351 4579 8641 12693 12688 12681 12682 
5 7 12357 4541 12364 12366 12369 12374 12377 
5 7 12474 12469 12465 12903 12461 6833 6830 
5 7 12656 12918 12914 12908 13116 12610 12604 
5 7 12699 12682 662 2014 3045 4569 4587 
5 7 12809 12831 13613 13614 13617 13609 13607 
5 7 12882 12883 14543 14544 14587 14546 14547 
5 7 12916 12925 12932 12959 12980 12994 13012 
5 7 13054 13058 13070 13071 13074 13076 13086 
5 7 13117 12969 12949 12926 12657 12653 12643 
5 7 13129 8731 13225 13226 13236 13242 13335 
5 7 13184 13182 13189 13187 13190 13186 13179 
5 7 13206 13211 13212 13388 13386 13385 13387 
5 7 13334 13331 13327 16323 13237 13232 13228 
5 7 13489 13488 13487 13482 13480 13463 13442 
5 7 13684 13686 13688 13689 16397 13716 13743 
5 7 13857 13855 13843 13845 13846 16404 13848 
5 7 13864 13904 13905 13911 13930 13931 13917 
5 7 14018 14061 14058 14044 14039 14037 14036 
5 7 14162 14164 14167 14168 14159 14154 14153 
5 7 14250 14241 14240 14237 14234 14235 14232 
5 7 14336 14359 14361 15002 15020 15018 15014 
5 7 14620 14867 14875 14876 14893 14895 14892 
5 7 14644 14645 14646 14647 13315 13313 13314 
5 7 14670 14671 14672 14673 14685 15195 15196 
5 7 14708 15034 15033 15032 15065 15068 15082 
5 7 14760 14761 14878 14880 14875 14772 14622 
5 7 14907 14883 14890 14882 14760 14767 14768 
5 7 14961 14966 14971 14970 14956 14954 14866 
5 7 15146 15139 15140 15134 15135 15137 15176 
5 7 15205 14924 15201 15210 15211 15106 15102 
5 7 16348 14652 14653 14654 14655 14656 15238 
5 7 16412 13415 13440 13407 13409 13388 13386 
5 7 19380 19376 19372 19359 19357 19362 19361 
5 7 19710 19711 19715 19709 19712 789 19707 
5 7 19817 19809 19937 19926 19916 19907 19897 
5 8 1038 5039 9212 9220 1047 2416 9209 9217 
5 8 1518 1955 8576 3918 3920 12370 4045 1500 
5 8 1697 5448 5697 5595 2958 3008 3006 5487 
5 8 1983 2521 4201 2522 4342 7103 4341 2523 
5 8 2192 11292 11296 2073 7650 7662 3118 7724 
5 8 2215 4151 4155 4157 4167 4171 4169 2354 
5 8 2278 5231 2873 6982 6981 6980 6979 6978 
5 8 2661 2656 4974 2655 2654 2652 2048 4818 
5 8 2723 1745 4191 1746 7128 7131 7063 1983 
5 8 2837 7963 3161 7959 2833 2831 5181 1691 
5 8 2839 1668 1913 1909 1908 5318 2038 8140 
5 8 2858 2857 5664 5678 7870 7868 5673 3110 
5 8 2872 5470 5471 5467 5466 5465 5515 5516 
5 8 2987 2859 5666 5668 5671 5672 2863 3110 
5 8 3344 8285 3527 8287 8283 8292 6533 6300 
5 8 3443 3446 4429 8885 4433 8892 8891 8893 
5 8 3508 3565 6530 6531 1143 6411 8302 8305 
5 8 3541 2695 2699 2673 2691 2686 2688 8371 
5 8 3692 3751 3769 3724 16971 7431 3970 239 
5 8 4201 4200 4343 4108 7125 4109 2603 1350 
5 8 4238 2077 4533 4535 4531 2596 1444 4577 
5 8 4466 4465 2506 4358 1419 1424 4075 4074 
5 8 4858 2296 4856 4857 4739 2300 4740 2445 
5 8 4915 4916 4917 4918 4919 7059 4920 7055 
5 8 5227 2278 6630 2910 5474 867 5431 2913 
5 8 5370 8928 5315 2047 5374 845 5373 5311 
5 8 5397 5510 5508 5398 5493 5399 5534 6978 
5 8 5594 5593 5277 2750 2972 2855 5680 5679 
5 8 5629 5623 5624 5605 1702 5604 5599 11649 
5 8 6320 7260 7272 16979 16972 3694 3971 239 
5 8 6360 6361 6362 6364 6370 6368 6367 1531 
5 8 6465 8319 8320 8315 6532 1059 8313 8241 
5 8 6515 6517 7455 6513 6514 1160 2499 6482 
5 8 6526 6433 6432 6351 6349 1608 6344 1021 
5 8 6709 3099 6690 9145 9156 6689 9141 6688 
5 8 6746 15453 6749 9110 15432 9112 6748 6635 
5 8 6886 5716 5717 5713 1792 5720 5723 9013 
5 8 7035 7034 7030 6772 5679 8992 8983 8985 
5 8 7211 2095 3791 3773 2108 2100 7395 3810 
5 8 7219 7221 12437 12434 261 12431 12429 12426 
5 8 7465 7469 7470 9039 9038 9041 3090 7468 
5 8 7633 3022 2962 7611 2574 7625 7622 7623 
5 8 8086 8085 1785 1584 8079 8081 1551 8123 
5 8 8103 8041 8193 8194 8089 8086 8087 8364 
5 8 8179 8185 8187 8171 7304 3986 3804 3822 
5 8 8332 8322 8340 1713 8344 1719 8264 7442 
5 8 8342 3085 8352 8329 2584 2594 4519 4513 
5 8 8406 8405 8403 8396 8394 8230 8229 8228 
5 8 8501 8495 8497 8491 8490 8535 4503 4502 
5 8 8816 12345 7784 7598 7599 2996 7638 7628 
5 8 8998 6779 2249 310 5571 2345 5712 1792 
5 8 9067 6991 6990 3202 6992 5764 3210 9074 
5 8 9277 11044 11064 11073 732 11083 737 9579 
5 8 9439 9423 11097 11087 9401 2234 9522 731 
5 8 9449 11176 9443 11197 11207 11193 11184 11160 
5 8 9523 11079 9412 11103 9425 9583 11157 9434 
5 8 10156 10198 10232 10295 10324 10319 10306 10257 
5 8 10257 10303 10318 10899 10340 10906 11300 10416 
5 8 10464 10773 10778 10785 10794 10806 10809 10803 
5 8 11120 9581 9416 9579 11114 9531 9530 11106 
5 8 11473 11491 11488 11502 11514 11504 11509 11511 
5 8 11492 11483 11480 11463 11461 11455 11440 11427 
5 8 11531 5699 2282 11608 11594 11609 5616 2843 
5 8 11564 11556 11536 11524 11516 11508 11489 11475 
5 8 11818 11836 11845 11862 11873 11870 11886 11889 
5 8 11846 11864 11879 11892 11903 11664 11914 11925 
5 8 11962 11671 11668 11657 11644 11639 11620 11605 
5 8 11964 11957 11963 8602 11948 11950 11944 803 
5 8 12216 5658 2756 2810 12167 2812 12137 924 
5 8 12441 12444 12741 12746 12752 12747 12758 12742 
5 8 12546 12552 12561 12565 12576 12590 12603 12613 
5 8 12654 12644 12631 12632 12612 12609 12905 12574 
5 8 12677 12685 12695 12715 12726 12737 12733 13034 
5 8 12954 246 25 439 251 13124 8655 8731 
5 8 13409 13419 13435 13436 13421 13468 13469 13470 
5 8 13657 13659 13663 13673 13675 13674 13669 13668 
5 8 13745 13748 13749 13750 13772 13754 13806 13807 
5 8 13804 13811 16373 16374 13856 13857 13841 13840 
5 8 13995 13977 13976 14010 14009 14001 13921 13928 
5 8 14034 14041 14044 1329 14067 14068 14057 14056 
5 8 14380 16405 14352 14503 14512 14510 14509 13605 
5 8 14453 14469 14461 14477 14472 14475 14421 14314 
5 8 14647 14830 14829 14831 14844 14854 14852 14649 
5 8 14709 14710 13264 16325 16328 16334 16340 13268 
5 8 14781 14798 14804 14805 14803 14802 14813 14828 
5 8 14951 14961 14962 14959 14960 15120 15121 15211 
5 8 14984 14979 15202 15201 14924 15216 15214 15213 
5 8 15017 15018 15021 14998 14605 14999 14997 15128 
5 8 16397 14034 14032 14030 14029 14027 14028 14026 
5 8 16988 3715 5124 16992 7285 16984 7326 3740 
5 8 19672 19381 19378 19374 19370 19367 19653 19361 
5 8 19720 19730 19664 19667 19668 19388 19387 19380 
5 8 19745 19734 19742 19743 19740 19741 19733 19726 
5 8 19809 19812 19764 19765 19955 19954 19950 19956 
5 9 749 11174 11205 9457 11226 9461 9468 11241 11237 
5 9 927 7945 7946 7920 7921 7979 7978 982 3106 
5 9 1191 2606 1759 8579 8578 8582 8581 3435 3434 
5 9 1437 4100 1977 1976 4098 4305 1974 4306 4317 
5 9 1487 4056 1506 4050 4052 7203 8514 8517 1518 
5 9 1746 2604 5012 1350 5011 4347 2509 4349 2601 
5 9 1961 3675 1526 3671 3775 3776 3777 3846 3845 
5 9 2186 7521 4564 1407 1402 4527 4512 4222 2595 
5 9 2381 2374 960 5078 4951 4952 8840 8825 8814 
5 9 2407 1999 2405 2408 2399 1782 4781 4711 6667 
5 9 2412 2001 2000 4959 4630 3307 2304 4595 4596 
5 9 2523 3873 4340 1469 7068 7067 7099 7072 7097 
5 9 3056 3289 3290 4826 1783 974 4825 2384 2381 
5 9 3182 8853 8860 8851 12320 8871 8874 6594 3278 
5 9 3301 8366 8370 4783 8367 5767 5811 12322 12306 
5 9 3338 3459 3313 8913 8915 8914 8431 8428 8426 
5 9 3446 8884 8868 8867 8876 4430 8904 8877 8863 
5 9 3510 6378 6377 3347 3508 3356 3505 8312 3399 
5 9 3610 4164 4163 4148 4147 4260 4262 1649 1650 
5 9 3886 7516 4335 7107 3897 3902 2525 3898 4325 
5 9 3897 4334 3896 4018 4017 1490 1938 4014 4332 
5 9 3993 7405 4388 4396 4395 3830 3829 3831 12405 
5 9 4074 4363 1453 4068 4554 16433 16431 4233 4489 
5 9 4173 4174 1316 4170 4171 4167 4159 3607 3608 
5 9 4321 4320 1514 1934 7519 4331 7379 4330 4045 
5 9 5127 7403 4420 4414 4412 5117 5119 5137 3041 
5 9 5149 3273 5148 2320 5147 5146 5145 871 5637 
5 9 5215 2875 5211 2882 5207 3143 3001 5482 2740 
5 9 5320 2044 7751 2043 3148 5351 811 5218 3151 
5 9 5403 6671 7008 5268 5270 5273 5274 7013 7015 
5 9 5772 5778 5779 4969 884 2657 877 2656 2661 
5 9 6632 8936 8943 2027 5332 2323 1672 8924 8922 
5 9 6746 6745 6712 6711 6710 9121 6709 3097 3098 
5 9 7093 7096 7080 7094 7084 4023 7085 7106 7107 
5 9 7097 7093 7077 7110 7112 7113 3860 1925 4027 
5 9 7553 6972 7527 7763 7529 7761 7779 6971 7535 
5 9 7611 7632 7616 2575 9739 11719 11549 11567 3023 
5 9 8011 6673 7986 7987 8002 8001 7989 7992 1803 
5 9 8057 8195 8078 8079 6732 6730 6731 979 6565 
5 9 8297 1198 8298 8277 6303 8278 6304 6307 6306 
5 9 8431 8433 8435 8436 3460 3462 3463 1211 3591 
5 9 8963 8966 6584 2921 5417 933 2763 5655 5653 
5 9 8968 8967 2761 1700 2768 2783 5250 2782 5258 
5 9 9002 9004 7851 1834 7843 1833 7836 1154 7825 
5 9 9007 9011 8004 8006 8011 8009 6675 6866 6918 
5 9 9425 11120 9409 10698 9448 10707 10709 11219 9600 
5 9 9600 11222 11195 11186 11168 9533 11117 11106 9526 
5 9 9831 9800 9766 9798 9820 9812 9805 9815 9771 
5 9 10135 10129 10874 10871 10150 10181 10283 10272 10331 
5 9 10164 10880 10202 10230 10261 10337 10377 10395 10404 
5 9 10325 10355 10326 10284 10886 10140 10873 10860 10003 
5 9 10732 9495 2276 11282 11285 11 7714 7804 7799 
5 9 10825 10826 10828 10830 9874 10838 9932 9964 10003 
5 9 11142 9532 11118 11107 11095 11084 9398 11054 11037 
5 9 11302 11306 11311 11316 11325 11328 11334 11342 11347 
5 9 11347 11350 11354 11362 11369 11381 11399 6984 11427 
5 9 11437 787 11418 11419 11424 11421 11410 11400 11388 
5 9 12117 12136 12156 12172 12185 12175 12196 8732 12215 
5 9 12477 12470 12474 12476 12482 12483 12488 12497 12505 
5 9 12523 12538 2143 1459 1384 1320 12611 4583 1458 
5 9 12632 12630 12638 12641 12639 12642 12633 12624 12613 
5 9 12954 12966 12977 8643 13132 13140 13151 13158 13036 
5 9 13258 13260 13262 16326 16330 16337 16344 16342 16340 
5 9 13278 13270 16345 16343 16338 16332 16327 13265 13262 
5 9 13604 13615 13616 13613 13614 13592 13588 13589 16409 
5 9 13821 13822 13852 13824 13825 13848 13844 14310 14307 
5 9 14299 14294 14289 14291 14419 14425 14423 14417 14421 
5 9 14547 14185 14184 14183 14178 14175 14177 14193 14192 
5 9 15068 15062 15060 15059 15041 15044 15043 15026 14493 
5 9 19821 19814 19810 19948 19946 19933 19918 19904 19889 
5 10 857 5194 2920 2746 2839 875 1691 2026 8944 6632 
5 10 1027 4839 4796 3299 6668 4795 4726 2271 4830 992 
5 10 1160 6512 7449 1725 7446 6507 6310 6496 6309 6306 
5 10 1304 7520 4479 4478 4485 1358 4482 7419 1741 7521 
5 10 1908 1901 1902 494 1619 1906 5096 5098 5084 5091 
5 10 1987 4292 4107 1989 4103 4293 4102 3877 1981 8574 
5 10 1989 4104 2735 4295 4296 1451 3883 8566 8567 3884 
5 10 2068 4943 8755 9182 9184 9190 9192 9196 8785 8784 
5 10 2240 9302 2242 9264 9303 709 10934 10938 10946 9318 
5 10 2505 4213 4209 2005 4215 4214 306 4475 2503 1352 
5 10 2728 5005 4193 4194 1748 4195 1408 7064 4111 4113 
5 10 2843 5617 2844 5618 5619 5623 5629 5626 2931 8980 
5 10 3418 3421 4719 3306 3296 4770 2303 1626 3429 3424 
5 10 4169 4172 4173 4177 4178 2159 2158 2160 1986 1987 
5 10 4322 1942 3657 3655 1943 1926 1920 1915 9233 9239 
5 10 4396 262 7409 3828 2487 3839 3840 3936 2090 3787 
5 10 4399 2798 2742 5225 2884 2738 2334 5485 5208 5207 
5 10 4485 1352 4481 4229 4488 4230 1386 4563 4069 4564 
5 10 4567 4590 4574 12709 12727 12744 12756 12768 12777 12787 
5 10 4642 4819 9080 820 9078 9077 8558 4650 2049 782 
5 10 4655 4656 4670 4669 4672 8562 769 4675 2052 4678 
5 10 4717 4596 5074 912 1996 904 2406 2400 2401 2405 
5 10 4861 4865 4866 4888 9140 9154 9144 9139 8802 1658 
5 10 4877 4871 2436 9218 2432 4869 4890 4853 2428 1769 
5 10 4882 4797 5058 4943 4764 9194 4765 1105 9181 1589 
5 10 4991 4808 4807 4805 4874 4877 4875 4804 1630 4982 
5 10 5035 5037 5036 1767 2268 4897 4748 3440 3437 3434 
5 10 5173 1541 5172 3220 5174 5176 3218 3215 9073 1623 
5 10 6414 8303 1169 8310 8311 3398 1637 3560 3344 3358 
5 10 6543 6544 8131 6545 8130 8134 6740 6575 8363 8364 
5 10 7021 7023 2858 8192 5663 3029 7044 7046 8989 8986 
5 10 7035 7051 8986 8989 6641 6642 6766 8988 7867 3110 
5 10 7199 7193 7192 7196 17001 17002 17004 17005 12394 12396 
5 10 7206 3672 7211 7523 3790 2154 3788 2117 3994 3993 
5 10 7473 7471 7477 7465 1726 7459 3091 2202 2203 2205 
5 10 7484 3103 7485 6458 6453 6452 6454 6436 6528 6526 
5 10 7733 8821 977 9294 775 9164 3237 9097 8752 9545 
5 10 7765 7546 7569 7568 771 7577 7576 7536 2196 7535 
5 10 7784 7597 794 7608 3021 7609 7603 7610 7613 2962 
5 10 7978 7980 7981 7982 1592 7926 7928 7930 964 1593 
5 10 8893 8894 8890 3521 3525 3491 3402 3327 3490 3488 
5 10 8951 8952 7911 7955 2836 5633 3162 2837 2318 7962 
5 10 8951 8959 927 1538 7936 7934 7932 2902 8950 8946 
5 10 8971 8974 5469 5468 5463 1697 5517 5461 864 5458 
5 10 9027 9026 9034 6848 6794 6793 9012 9013 6850 5572 
5 10 9123 1574 6776 2984 9000 8998 5570 1808 7866 7035 
5 10 9154 9132 9130 9126 1566 4882 4884 4800 4863 4861 
5 10 9239 9233 9231 9236 9237 9240 9246 9243 4028 4027 
5 10 9494 8759 9616 9610 9471 11231 11228 9203 9452 9434 
5 10 9519 10999 10993 8594 9362 9344 10992 10985 718 10976 
5 10 9655 9662 9665 9671 9680 9692 9691 9703 9710 9715 
5 10 9838 9871 9906 9937 9989 10045 10076 10121 10166 10234 
5 10 11237 11235 11238 11233 11220 11216 11214 11217 9334 9070 
5 10 11666 11655 11635 11617 11604 11605 11593 11589 11586 11564 
5 10 11666 11675 11684 11692 848 3109 11707 2819 11710 11713 
5 10 11770 11773 11785 11801 11803 11814 11822 11818 11805 11799 
5 10 11964 11952 11942 11925 11914 11602 11607 11595 11579 11556 
5 10 12739 12740 12745 12761 12779 12782 12791 12808 12821 12838 
5 10 12866 12867 12868 12865 13784 13884 13885 13830 16369 13860 
5 10 13251 13378 13379 13380 13383 13384 13365 13360 13359 13343 
5 10 13715 14350 14513 14503 14504 14498 14521 14356 14371 14330 
5 10 13825 14339 14380 14381 14375 14373 14372 14330 14331 14332 
5 10 14344 14347 14399 14403 14431 14430 14464 14463 14462 14461 
5 10 15185 15199 15198 15181 15071 14688 14689 14690 14489 16381 
5 10 16331 14943 14944 14945 14095 15203 15205 15209 15208 14923 
5 10 16401 14486 14538 14539 14540 14542 14541 12874 12875 12878 
5 10 19699 19692 19797 19795 19793 19798 19791 19786 19778 19773 
5 10 19830 19831 19832 19833 19834 19837 19839 19843 19844 19848 
5 10 19881 19874 19870 19859 19860 19861 19858 19857 19852 19853 
5 10 19884 19883 750 19888 19886 19887 19882 19894 19899 19911 
5 11 857 3158 5337 5091 6622 5090 5085 5108 5424 5425 2795 
5 11 1164 4902 1757 4927 7155 4811 4905 7053 2174 4906 4909 
5 11 1200 3482 1193 2731 3593 1187 3591 3351 3337 3465 9197 
5 11 2185 8204 8203 8251 8250 8270 1255 8272 8271 8262 1719 
5 11 2205 3089 2581 6961 12460 12464 8345 12477 1712 8330 8332 
5 11 2236 11010 11023 9388 11037 11038 9571 11057 734 9410 9527 
5 11 2315 5929 5928 4709 8365 3301 6666 2658 4966 2273 2661 
5 11 2325 4398 847 2917 5341 4399 5192 2030 5188 862 2746 
5 11 2593 1449 1480 432 12507 8342 12503 12495 12487 3086 1712 
5 11 2913 5430 2914 5525 5523 6995 5522 5521 2929 2774 5458 
5 11 3666 3667 3678 3677 9255 9261 1961 7208 3643 7207 7206 
5 11 3886 3885 3884 1471 3891 4032 4033 4126 4319 1949 4318 
5 11 4266 4264 2178 7141 1855 1259 3551 1650 1652 3550 2215 
5 11 5399 816 5537 2997 5734 3126 7736 795 3124 3123 7676 
5 11 5809 5801 5802 8927 5799 5785 5776 5805 5775 896 2317 
5 11 5935 2313 2315 2314 12306 12307 12330 12323 5806 5770 6665 
5 11 6543 1600 8094 8095 1599 8028 8027 1001 8035 8036 1613 
5 11 7412 7411 7337 7415 8486 2132 7365 4389 7410 2124 4396 
5 11 8197 8196 6569 6628 6767 5683 1815 3036 1814 5686 2853 
5 11 8576 4007 3922 4008 1933 3926 7383 1958 3853 3682 3666 
5 11 8836 12344 9707 9712 9715 9721 9730 9734 9738 11734 11721 
5 11 9015 19963 19965 6868 6869 6874 6851 19972 9024 6926 6957 
5 11 9288 9489 9488 11272 9543 9485 11266 9540 9538 11242 11233 
5 11 9523 11052 11039 9277 9375 9378 11020 9373 11011 11012 9565 
5 11 9523 11079 11074 9527 11101 9529 11105 11128 11142 11160 9282 
5 11 10416 10415 10453 10433 10476 10495 10486 9297 2238 10935 9319 
5 11 11174 11163 9435 2232 9417 11094 9408 9279 735 11040 731 
5 11 11334 11335 11345 2248 11353 11357 11360 11361 11372 11388 11380 
5 11 12248 12184 12189 12176 12163 12165 12180 12169 12158 12149 12168 
5 11 12257 12262 12261 12268 12277 12283 12289 12238 2824 12240 12237 
5 11 13151 13022 13018 13013 13012 13015 13021 13029 13028 13020 13016 
5 11 13368 13342 13188 13191 13183 13179 13178 13173 13164 13166 13158 
5 11 14547 14586 14187 14186 14188 14578 14577 14576 14151 14150 14149 
5 12 451 13630 13631 13633 13636 13637 13639 13596 2365 59 684 7502 
5 12 1078 1763 4901 2732 1762 3439 4899 6661 4930 4931 4991 1756 
5 12 1985 4089 4088 4351 4288 4286 4087 1411 2358 3611 3608 3610 
5 12 2151 8541 3812 32 4378 4377 7351 7227 7230 7234 7235 7321 
5 12 2361 7200 7199 12372 12382 7358 7344 7357 2516 2127 691 2463 
5 12 2377 12331 12340 3254 3261 6590 3241 3195 3193 9067 9068 975 
5 12 3017 8816 9186 9510 7780 3020 6446 9511 9509 6704 8826 8599 
5 12 3151 5215 5223 3119 7741 798 3127 7692 11299 7652 9393 778 
5 12 3231 3260 3278 3279 3274 3281 3275 989 3284 5077 1586 5078 
5 12 3358 8380 8387 8390 8397 8400 8402 8406 8407 1279 4273 4272 
5 12 4125 3880 3881 1451 1990 4123 3050 1975 4303 4121 8563 1974 
5 12 4183 2351 2601 7135 4366 4367 5002 7152 1298 2724 2723 2722 
5 12 4748 1078 4896 4895 2607 4754 4892 1768 2611 1039 9223 9216 
5 12 6472 6473 6494 6456 6460 9101 9103 6441 6443 6439 9099 6386 
5 12 7355 7353 7300 7336 7301 7333 7302 7325 7245 7240 3982 2547 
5 12 7981 1612 7985 1613 7983 3105 8022 8016 8018 1545 8042 8103 
5 12 8454 8460 3323 8452 3335 8440 6587 8449 8446 8887 3445 8889 
5 12 8599 8836 8818 9505 9178 8596 9157 9290 1921 9289 9244 9605 
5 12 10033 10064 10038 10016 9970 9949 9969 10843 10845 9981 10013 9997 
5 12 10036 10023 10018 9997 10024 10062 10863 10864 10083 10117 10120 10156 
5 12 10331 10351 10356 10358 10386 10414 10448 10820 10446 10436 10430 10445 
5 12 11531 2280 7747 11598 11726 2290 2991 3023 11725 11728 11622 11615 
5 12 13066 13072 13185 13193 13200 13208 13205 13206 13204 13201 13207 13389 
5 12 13305 13302 13300 13295 13288 13287 13290 13289 13282 13273 13279 16342 
5 12 14020 14021 14025 14056 14049 13981 13982 14008 14007 14006 13922 13921 
5 12 14040 13989 14092 14102 14087 13942 12885 13937 13948 13953 13952 14232 
5 12 14272 14570 14571 14598 14597 14582 14565 14585 12879 12882 12878 12880 
5 12 14854 14846 14855 14857 15102 15103 15213 14679 14680 14681 14923 14682 
5 12 15120 15119 15122 15117 15116 15112 14862 14836 14837 14838 14834 14647 
5 12 19848 19853 19863 19872 19884 19900 19908 19917 19935 19947 19958 19773 
5 13 1844 11699 5612 11683 11674 11658 8601 11743 2965 2850 11672 11528 5616 
5 13 2445 1776 4845 4846 4843 4615 4848 4617 4850 1769 4618 4860 4861 
5 13 3157 2745 5197 5079 2871 5201 5235 5437 2741 2740 5480 5501 3153 
5 13 5320 5295 5296 7544 7574 2626 7559 7525 7773 7594 7775 7742 7741 
5 13 6433 6524 6525 6448 6449 6447 7481 7480 3102 7483 7479 7478 7484 
5 13 7245 3983 3749 2564 7276 7273 7271 7270 7258 3735 3711 3713 436 
5 13 8951 8957 8954 7917 7915 1621 2635 1593 8048 8050 8045 8044 8103 
5 13 9325 10779 9307 10924 10464 10383 10325 10346 10334 10320 10235 10234 10135 
5 13 11862 11868 11867 11872 11866 11865 11877 11896 11902 11911 11923 11933 803 
5 13 12039 12084 12094 12106 12127 12146 937 12248 959 12254 12263 12271 2342 
5 13 12046 881 12032 12057 909 12111 12117 2755 924 2811 1841 2840 7015 
5 13 12493 12498 12904 12511 12513 12520 12525 12528 12526 12527 12522 12535 12532 
5 13 12641 12618 12935 12951 12968 12906 13117 12992 13006 13009 13010 13011 13014 
5 13 12814 12793 12774 12760 12739 12725 12704 12685 12677 12671 12667 12664 12654 
5 13 12885 12888 12890 12892 12894 12895 14091 14084 14077 14076 14118 14134 14135 
5 13 13747 13759 13765 13766 13783 13782 13780 13767 13758 13800 13801 13812 13804 
5 13 16396 4245 4246 4250 16385 4494 1476 4491 4240 4238 4534 1436 1407 
5 13 19797 19792 19785 19774 19764 19765 19955 19942 19930 19913 19901 19894 19880 
5 13 19933 19929 19925 19916 19910 19912 19913 19914 19911 19921 19932 19936 19935 
5 14 3643 7209 2110 2102 2109 2115 16 3627 3629 3978 3690 3973 3972 7426 
5 14 3810 3969 4380 3823 2151 3811 8539 8540 3818 2134 4370 3963 2471 12417 
5 14 5308 5304 808 5303 5301 5345 7563 3144 2189 7549 7764 7579 7548 7547 
5 14 5558 5263 5560 5265 2806 2805 2828 6670 5276 5594 2981 5592 976 2858 
5 14 6705 9167 9163 15416 6856 9027 9023 9015 9022 6855 6860 6880 6897 1727 
5 14 7215 3815 3819 2134 3817 453 12419 3968 3967 8486 7415 7337 7368 687 
5 14 7891 7892 7894 8139 8140 8138 8137 6553 8116 8117 6550 8111 8112 933 
5 14 8103 8053 8054 8057 8101 8122 6559 8123 8096 5653 1580 8066 6735 6582 
5 14 8512 12402 2589 8531 8530 4546 8523 8522 8520 8519 2349 8511 8510 2228 
5 14 8814 8827 8833 4592 3056 9638 2448 5066 8747 2446 9634 9632 1589 1661 
5 14 13132 13137 13144 13150 13153 13152 13157 13161 13340 13350 13352 13354 13353 13334 
5 14 13959 13994 13995 13963 13876 13888 13887 13886 13879 13880 13873 13834 13835 14437 
5 14 14026 14036 13991 14094 14112 14109 14104 14091 14084 13951 14214 14223 14224 14225 
5 14 14276 14280 14271 14284 14286 14285 14257 12884 14258 14260 14195 14197 14115 14113 
5 14 14893 14873 14868 14866 14824 14826 14825 14817 14828 14814 14811 14809 14808 14646 
5 15 823 7159 3303 806 4647 4648 793 4649 2049 782 4653 4655 4657 2050 4659 
5 15 875 2022 7966 7968 7889 7891 7884 7896 7881 7887 7913 7916 8960 8958 8951 
5 15 1680 1871 913 5646 920 5648 931 941 2316 3213 971 3211 9074 3209 9071 
5 15 3635 3641 4453 4452 2540 1963 4437 4438 2538 2536 2534 4447 9258 9257 9260 
5 15 3690 3693 3762 3982 2547 3802 7417 3823 4380 3969 3810 7395 2100 3625 2109 
5 15 3779 3686 3780 3783 2484 3787 1968 3932 3933 3937 3938 3939 7386 8504 3944 
5 15 4737 6663 1627 2456 2455 1020 8761 4791 8762 3291 4828 4956 4827 2264 2075 
5 15 6414 8304 3345 8297 8294 8296 6534 6533 8235 8228 3374 3376 4280 2181 4279 
5 15 7623 5651 809 5487 7628 2950 3115 3010 5401 7630 5444 2794 5445 8973 8971 
5 15 7788 7693 7805 7703 7792 7712 7705 7640 7731 7729 7807 7732 8972 1632 9164 
5 15 8365 2275 2310 876 6667 4779 4780 2393 939 6669 4623 4622 2414 2413 4787 
5 15 11692 11693 11694 11700 11706 11701 11697 11687 11686 11670 1847 11652 11638 11623 11617 
5 15 13340 13341 13343 13247 13342 13368 13369 13389 13391 13387 13429 13470 13471 13411 13408 
5 15 13560 13559 13558 13551 13550 13557 13542 13536 13499 13498 13497 13493 13507 13509 16409 
5 15 14226 14243 14249 14250 14206 14341 14443 14444 14432 13902 13901 13864 13865 13863 16366 
5 16 1626 3431 4599 2260 4601 3297 4602 1774 5049 3298 2269 5041 4611 4612 4734 4835 
5 16 6432 6407 6406 6408 6405 6404 6401 6403 6402 9075 3247 3248 3245 3243 3242 3197 
5 16 6542 1091 7476 2500 6619 7463 1587 7464 7466 1836 7468 694 6841 6840 6843 6838 
5 16 14466 14458 14457 14385 14308 14305 14307 14311 14312 14313 14314 14315 14316 14317 14318 14319 
5 16 15199 15196 15179 15177 15176 15174 14682 14676 15232 15242 15244 15247 15248 14670 14669 15260 
5 17 2378 6592 3259 12332 3203 12331 12335 12313 12312 12310 3267 6608 12305 3186 6988 3200 3193 
5 17 5235 2277 5232 5227 5230 2908 5434 2912 5547 5548 2795 6620 6585 8964 8963 6629 8968 
5 17 13708 13709 13728 13729 13706 13705 14089 14082 14081 14083 14074 14135 14119 14121 14125 14133 14132 
5 19 4059 8537 1994 4504 4509 4507 4508 2082 4544 1513 4555 4500 2361 7200 7201 2515 12362 4495 4492 
5 19 12457 2555 19 8730 8635 2551 13599 13600 13604 13602 13605 13607 13593 13590 16409 13584 13582 13581 16410 
5 19 13435 13432 13465 13466 13490 13489 15075 15082 15064 14695 14696 14697 15027 14699 14700 14701 14702 14492 13120 
5 19 14049 14048 14050 14051 14040 14036 14026 13702 13708 13699 13727 13694 13692 13691 13684 13681 13679 13677 13676 
5 19 14605 14994 14732 14735 14728 14727 14922 14921 14904 14907 14914 14911 14929 14936 14932 14939 14940 16331 15130 
5 19 15008 15009 15017 15016 15014 15152 16362 16363 14482 15128 15129 15130 15145 15146 15162 15169 15170 15158 13560 
5 20 5653 5587 961 5654 8197 6565 6563 8077 6562 6727 6721 8995 8993 8994 8996 6566 8125 8082 6578 8364 
5 20 9850 9867 10835 9876 9908 9887 9870 10833 9852 9829 9807 9791 9759 9760 9761 9762 9763 9764 9788 9800 
5 20 13056 13054 13037 13016 12722 13014 12999 12981 12960 12942 12656 12651 12643 12637 12626 12613 12597 12589 12575 12570 
5 20 13602 14507 14515 14517 13715 13644 13713 13712 13711 12851 13822 13821 13820 13803 13802 13804 13811 13810 13809 13808 
5 20 13886 13861 16367 16366 13862 13909 13926 13928 13935 13932 13918 13917 14231 14232 14236 14239 14225 14227 14226 14222 
5 20 16382 14659 14658 14657 15238 15252 15253 15250 15224 15226 15228 15220 15095 14651 14650 14649 14648 13301 13306 13314 
5 21 5273 5272 1842 3026 12056 12054 12050 12009 12068 12065 1822 12025 12007 12001 874 11979 11966 11962 11955 12075 11952 
5 21 14718 14719 14721 14742 14743 14744 14901 14884 14890 14916 14887 14886 14892 14874 14947 14949 14951 14973 14988 14982 14932 
5 21 14789 14644 13324 13325 13323 13321 13319 13322 13318 13311 13305 13304 13299 13303 13298 13286 13280 13281 13283 13285 13278 
5 22 8537 7176 4502 4505 7173 7174 7170 7171 4052 7202 4001 8492 238 8500 8501 8503 7184 7179 7178 16994 16993 2082 
5 22 12569 8628 1405 1384 1420 1438 1428 12573 12582 12574 12578 12579 12570 12566 12548 12546 12532 3821 3822 3628 2119 7323 
5 22 13410 13425 13427 13458 13449 15091 15092 15070 14851 14849 14488 16381 14668 15260 15240 15239 15236 15024 14662 14483 14698 15027 
5 23 4563 4224 4231 7420 4561 4558 2360 16396 16429 16427 16426 16424 16416 4234 4489 2165 16388 16387 16386 4208 4464 4204 4466 
5 24 6683 9158 6693 6821 9169 6838 9043 6828 6845 6830 6831 6829 6810 6811 9173 6812 2347 6807 6943 6951 8182 8176 1270 8168 
5 24 10803 10801 10810 10808 9339 10813 10817 10819 9340 10815 10804 10800 10792 10780 9308 10770 10379 10907 10258 10892 10105 10869 10046 10003 
5 25 4694 4696 2059 4692 4690 4686 4687 4683 744 2055 8555 4679 8553 2053 4678 4677 4676 4704 764 4665 4705 4660 4664 2051 4659 
5 25 6767 5588 5681 2781 9085 6724 6627 9092 5724 6759 5726 5581 6571 5583 9105 6754 6753 6635 6681 9123 6682 6788 6786 6787 5572 
5 25 7184 7186 7188 12388 1511 12393 12396 12398 2211 12397 2011 705 659 8729 451 624 2463 2015 672 2588 7363 7502 7340 7504 12457 
5 26 3945 2592 8521 634 12409 452 12418 12422 2350 12426 12425 12423 12415 12 2548 2642 2228 8512 2364 13654 13652 13646 13648 13649 13655 13657 
5 26 12039 12042 12030 12023 12020 851 11990 11973 11959 11951 11945 11931 11917 11907 11897 11889 11874 11849 11842 11826 11810 11794 11793 11795 11771 11756 
5 27 13460 13461 13446 15184 15185 15186 15187 15188 15160 13561 13560 13566 13577 13568 13569 13546 13549 13547 13545 13544 13515 13526 13524 13523 13522 13521 13581 
5 28 6566 6567 6967 9084 6716 9090 9095 6717 9113 6746 6744 6695 9127 9134 9135 6688 9143 6705 6683 6703 6698 1561 9161 6817 6818 6814 6801 6800 
5 30 19 2212 2550 2209 8733 12809 12799 12786 12771 12742 12716 12699 12696 1336 12692 4568 4567 2140 2676 623 2226 1458 4585 4587 4584 696 1736 12569 8629 2679 
5 34 6810 12468 12475 12480 12493 12501 12506 12514 12519 12523 12539 2144 2679 1433 2593 1395 4514 4513 2595 4220 4516 4517 4577 2135 12351 4580 12441 12442 12447 12453 703 12456 12824 12457 
5 38 12742 12748 12757 12756 12768 12777 12787 12802 12819 12823 12828 12830 12835 12814 12818 12820 12833 12834 12837 12832 12838 13105 13107 13110 13112 13109 13111 13103 13101 13097 13086 13091 13078 13066 13062 13045 13048 13036 
5 39 13590 13504 13500 14525 14536 14533 14531 14366 14369 14332 14319 14407 14408 14322 14323 14406 14349 14548 14550 14487 16401 14609 14749 14485 14748 14740 14718 14630 14917 14631 14632 14336 14359 14361 14360 15005 15004 14365 14366 
5 40 14749 14751 14610 14611 14612 14613 14768 14484 14769 14616 14617 14618 14619 14620 14621 14622 14623 14624 14625 14626 14627 14633 14795 14794 14785 14793 14790 14789 14788 14640 12897 12898 14192 14190 14173 14171 14160 14161 14163 14162 
5 45 8643 248 13127 13126 13128 13130 13129 13135 13145 13335 13337 13338 13334 13332 13243 13244 13248 13249 13250 13251 13252 13254 13255 13402 13408 13442 13443 13444 14708 14707 14706 14705 14704 14703 14493 13120 13121 14490 15051 14709 13261 13258 13257 13122 13121 
5 47 13654 13747 13746 13745 12852 12856 13785 12866 12870 13792 13797 13788 13787 13959 13993 13998 13970 13968 14020 14059 14060 14054 14018 13738 13739 13743 13717 13720 13719 2366 7223 7224 7339 2224 7219 4387 687 7412 7413 2150 7372 4382 12419 12417 3990 635 4388 
5 51 13673 13662 13660 13758 13756 13815 13813 13807 13808 16370 13860 13859 13840 14437 14455 14466 14467 14453 14388 14204 14114 14251 14246 14247 14117 14113 14116 14222 14221 14220 14131 14132 14130 14129 14276 14275 14278 14277 14272 14570 14569 14567 12873 14344 14345 14295 14299 14297 14301 14549 14550 
5 5 20190 4984 8476 8780 8779 
