1 12 
1 101 
1 239 
1 306 
1 439 
1 492 
1 646 
1 672 
1 710 
1 731 
1 732 
1 753 
1 775 
1 780 
1 782 
1 786 
1 803 
1 823 
1 851 
1 871 
1 909 
1 914 
1 920 
1 921 
1 924 
1 931 
1 945 
1 947 
1 965 
1 968 
1 1008 
1 1021 
1 1038 
1 1060 
1 1074 
1 1078 
1 1105 
1 1116 
1 1160 
1 1191 
1 1200 
1 1237 
1 1330 
1 1350 
1 1352 
1 1384 
1 1387 
1 1402 
1 1437 
1 1451 
1 1458 
1 1462 
1 1478 
1 1487 
1 1494 
1 1513 
1 1518 
1 1532 
1 1561 
1 1580 
1 1585 
1 1592 
1 1613 
1 1621 
1 1623 
1 1633 
1 1650 
1 1661 
1 1663 
1 1671 
1 1738 
1 1746 
1 1776 
1 1789 
1 1804 
1 1806 
1 1815 
1 1826 
1 1836 
1 1863 
1 1871 
1 1874 
1 1902 
1 1909 
1 1938 
1 1963 
1 1972 
1 1976 
1 1983 
1 1985 
1 1987 
1 1994 
1 1996 
1 2014 
1 2022 
1 2046 
1 2096 
1 2100 
1 2114 
1 2134 
1 2158 
1 2186 
1 2192 
1 2196 
1 2205 
1 2215 
1 2219 
1 2228 
1 2241 
1 2243 
1 2248 
1 2263 
1 2277 
1 2310 
1 2313 
1 2317 
1 2325 
1 2334 
1 2342 
1 2351 
1 2377 
1 2384 
1 2405 
1 2409 
1 2428 
1 2485 
1 2496 
1 2505 
1 2516 
1 2531 
1 2545 
1 2550 
1 2585 
1 2599 
1 2652 
1 2661 
1 2695 
1 2696 
1 2708 
1 2722 
1 2728 
1 2751 
1 2756 
1 2795 
1 2802 
1 2828 
1 2829 
1 2833 
1 2843 
1 2850 
1 2872 
1 2898 
1 2908 
1 2913 
1 2934 
1 2950 
1 2958 
1 2972 
1 2984 
1 2987 
1 2989 
1 3017 
1 3020 
1 3021 
1 3033 
1 3042 
1 3050 
1 3085 
1 3102 
1 3104 
1 3106 
1 3110 
1 3144 
1 3153 
1 3157 
1 3167 
1 3182 
1 3197 
1 3207 
1 3220 
1 3226 
1 3229 
1 3231 
1 3238 
1 3239 
1 3250 
1 3274 
1 3307 
1 3313 
1 3317 
1 3329 
1 3334 
1 3349 
1 3358 
1 3364 
1 3386 
1 3398 
1 3405 
1 3410 
1 3418 
1 3424 
1 3429 
1 3433 
1 3434 
1 3443 
1 3453 
1 3456 
1 3463 
1 3481 
1 3488 
1 3490 
1 3508 
1 3510 
1 3526 
1 3548 
1 3568 
1 3579 
1 3611 
1 3615 
1 3622 
1 3628 
1 3634 
1 3635 
1 3637 
1 3657 
1 3659 
1 3664 
1 3682 
1 3683 
1 3707 
1 3722 
1 3724 
1 3731 
1 3736 
1 3740 
1 3742 
1 3748 
1 3749 
1 3752 
1 3772 
1 3783 
1 3802 
1 3804 
1 3812 
1 3825 
1 3840 
1 3845 
1 3867 
1 3868 
1 3886 
1 3902 
1 3918 
1 3931 
1 3945 
1 3975 
1 3977 
1 3990 
1 3993 
1 3998 
1 4017 
1 4027 
1 4047 
1 4052 
1 4065 
1 4070 
1 4088 
1 4092 
1 4101 
1 4102 
1 4104 
1 4109 
1 4164 
1 4169 
1 4171 
1 4178 
1 4187 
1 4213 
1 4220 
1 4229 
1 4246 
1 4262 
1 4266 
1 4267 
1 4272 
1 4279 
1 4300 
1 4303 
1 4311 
1 4322 
1 4325 
1 4326 
1 4335 
1 4349 
1 4369 
1 4408 
1 4422 
1 4444 
1 4447 
1 4449 
1 4454 
1 4457 
1 4489 
1 4516 
1 4531 
1 4561 
1 4564 
1 4567 
1 4572 
1 4587 
1 4599 
1 4606 
1 4611 
1 4635 
1 4642 
1 4659 
1 4670 
1 4677 
1 4682 
1 4694 
1 4721 
1 4740 
1 4781 
1 4791 
1 4792 
1 4797 
1 4817 
1 4822 
1 4835 
1 4846 
1 4850 
1 4861 
1 4875 
1 4884 
1 4899 
1 4901 
1 4915 
1 4933 
1 4943 
1 4967 
1 4994 
1 5003 
1 5031 
1 5049 
1 5066 
1 5067 
1 5078 
1 5108 
1 5120 
1 5124 
1 5139 
1 5148 
1 5151 
1 5157 
1 5192 
1 5246 
1 5252 
1 5268 
1 5289 
1 5301 
1 5308 
1 5320 
1 5325 
1 5328 
1 5332 
1 5337 
1 5339 
1 5352 
1 5358 
1 5360 
1 5370 
1 5403 
1 5417 
1 5448 
1 5458 
1 5516 
1 5555 
1 5558 
1 5560 
1 5583 
1 5585 
1 5593 
1 5608 
1 5615 
1 5642 
1 5664 
1 5666 
1 5713 
1 5728 
1 5748 
1 5757 
1 5763 
1 5772 
1 5785 
1 5801 
1 5806 
1 5809 
1 5933 
1 5935 
1 6300 
1 6306 
1 6310 
1 6320 
1 6322 
1 6351 
1 6356 
1 6364 
1 6368 
1 6386 
1 6391 
1 6404 
1 6408 
1 6410 
1 6414 
1 6425 
1 6434 
1 6441 
1 6447 
1 6456 
1 6465 
1 6472 
1 6476 
1 6481 
1 6482 
1 6488 
1 6492 
1 6517 
1 6523 
1 6526 
1 6536 
1 6542 
1 6543 
1 6545 
1 6563 
1 6578 
1 6590 
1 6601 
1 6603 
1 6608 
1 6619 
1 6622 
1 6627 
1 6635 
1 6683 
1 6688 
1 6695 
1 6710 
1 6716 
1 6719 
1 6732 
1 6735 
1 6740 
1 6766 
1 6785 
1 6793 
1 6800 
1 6807 
1 6810 
1 6812 
1 6817 
1 6830 
1 6840 
1 6845 
1 6868 
1 6876 
1 6880 
1 6894 
1 6900 
1 6918 
1 6928 
1 6949 
1 6957 
1 6958 
1 6989 
1 6990 
1 6995 
1 7015 
1 7021 
1 7035 
1 7070 
1 7097 
1 7101 
1 7116 
1 7138 
1 7152 
1 7163 
1 7174 
1 7179 
1 7188 
1 7196 
1 7200 
1 7207 
1 7219 
1 7234 
1 7246 
1 7271 
1 7279 
1 7283 
1 7285 
1 7296 
1 7298 
1 7323 
1 7325 
1 7329 
1 7344 
1 7349 
1 7383 
1 7386 
1 7391 
1 7397 
1 7439 
1 7442 
1 7449 
1 7459 
1 7473 
1 7483 
1 7499 
1 7504 
1 7535 
1 7545 
1 7568 
1 7599 
1 7613 
1 7623 
1 7630 
1 7632 
1 7650 
1 7681 
1 7703 
1 7724 
1 7732 
1 7733 
1 7736 
1 7745 
1 7751 
1 7763 
1 7775 
1 7788 
1 7831 
1 7843 
1 7870 
1 7877 
1 7896 
1 7911 
1 7921 
1 7932 
1 7945 
1 7949 
1 7962 
1 7964 
1 7986 
1 8022 
1 8048 
1 8057 
1 8095 
1 8103 
1 8116 
1 8139 
1 8151 
1 8152 
1 8155 
1 8160 
1 8168 
1 8179 
1 8182 
1 8194 
1 8197 
1 8241 
1 8251 
1 8273 
1 8277 
1 8287 
1 8297 
1 8332 
1 8338 
1 8342 
1 8351 
1 8366 
1 8371 
1 8388 
1 8397 
1 8403 
1 8426 
1 8431 
1 8443 
1 8449 
1 8452 
1 8464 
1 8470 
1 8479 
1 8486 
1 8491 
1 8503 
1 8514 
1 8519 
1 8522 
1 8532 
1 8550 
1 8567 
1 8574 
1 8578 
1 8594 
1 8598 
1 8599 
1 8627 
1 8643 
1 8731 
1 8743 
1 8769 
1 8784 
1 8796 
1 8805 
1 8809 
1 8814 
1 8849 
1 8856 
1 8862 
1 8863 
1 8892 
1 8893 
1 8904 
1 8915 
1 8922 
1 8927 
1 8933 
1 8946 
1 8951 
1 8963 
1 8968 
1 8971 
1 8980 
1 8981 
1 8986 
1 8993 
1 8999 
1 9002 
1 9007 
1 9013 
1 9015 
1 9036 
1 9038 
1 9043 
1 9050 
1 9066 
1 9070 
1 9074 
1 9077 
1 9085 
1 9110 
1 9139 
1 9145 
1 9163 
1 9184 
1 9197 
1 9206 
1 9212 
1 9216 
1 9217 
1 9231 
1 9239 
1 9255 
1 9260 
1 9262 
1 9277 
1 9282 
1 9284 
1 9308 
1 9318 
1 9319 
1 9325 
1 9329 
1 9331 
1 9337 
1 9365 
1 9374 
1 9398 
1 9408 
1 9411 
1 9426 
1 9427 
1 9434 
1 9435 
1 9439 
1 9449 
1 9457 
1 9468 
1 9475 
1 9486 
1 9494 
1 9495 
1 9505 
1 9521 
1 9523 
1 9527 
1 9540 
1 9542 
1 9543 
1 9545 
1 9563 
1 9565 
1 9581 
1 9600 
1 9605 
1 9613 
1 9630 
1 9655 
1 9680 
1 9705 
1 9715 
1 9728 
1 9763 
1 9791 
1 9812 
1 9820 
1 9850 
1 9876 
1 9918 
1 9937 
1 9963 
1 9970 
1 10001 
1 10027 
1 10036 
1 10057 
1 10062 
1 10083 
1 10108 
1 10135 
1 10139 
1 10156 
1 10164 
1 10187 
1 10203 
1 10257 
1 10303 
1 10326 
1 10331 
1 10337 
1 10414 
1 10416 
1 10424 
1 10446 
1 10451 
1 10454 
1 10477 
1 10495 
1 10717 
1 10729 
1 10809 
1 10828 
1 10860 
1 10931 
1 10981 
1 10986 
1 10992 
1 11023 
1 11057 
1 11103 
1 11142 
1 11195 
1 11207 
1 11215 
1 11228 
1 11237 
1 11251 
1 11282 
1 11302 
1 11310 
1 11327 
1 11347 
1 11362 
1 11372 
1 11392 
1 11411 
1 11419 
1 11427 
1 11429 
1 11442 
1 11473 
1 11475 
1 11480 
1 11492 
1 11499 
1 11502 
1 11531 
1 11548 
1 11549 
1 11564 
1 11578 
1 11607 
1 11615 
1 11620 
1 11657 
1 11666 
1 11683 
1 11713 
1 11743 
1 11756 
1 11770 
1 11792 
1 11801 
1 11810 
1 11818 
1 11846 
1 11889 
1 11898 
1 11931 
1 11943 
1 11955 
1 11959 
1 11964 
1 11987 
1 11994 
1 12035 
1 12039 
1 12046 
1 12049 
1 12057 
1 12068 
1 12076 
1 12080 
1 12104 
1 12110 
1 12122 
1 12127 
1 12168 
1 12169 
1 12176 
1 12185 
1 12215 
1 12224 
1 12237 
1 12238 
1 12257 
1 12258 
1 12271 
1 12277 
1 12293 
1 12359 
1 12369 
1 12372 
1 12426 
1 12441 
1 12453 
1 12457 
1 12460 
1 12468 
1 12487 
1 12505 
1 12523 
1 12569 
1 12570 
1 12574 
1 12604 
1 12613 
1 12623 
1 12651 
1 12692 
1 12739 
1 12752 
1 12756 
1 12780 
1 12809 
1 12814 
1 12826 
1 12837 
1 12873 
1 12880 
1 12884 
1 12890 
1 12892 
1 12897 
1 12914 
1 12922 
1 12940 
1 12959 
1 12972 
1 12976 
1 12994 
1 13006 
1 13016 
1 13018 
1 13036 
1 13047 
1 13052 
1 13066 
1 13069 
1 13070 
1 13086 
1 13103 
1 13107 
1 13122 
1 13128 
1 13144 
1 13153 
1 13161 
1 13166 
1 13179 
1 13208 
1 13212 
1 13226 
1 13248 
1 13262 
1 13267 
1 13273 
1 13278 
1 13301 
1 13304 
1 13322 
1 13324 
1 13334 
1 13350 
1 13359 
1 13368 
1 13387 
1 13399 
1 13409 
1 13410 
1 13460 
1 13466 
1 13468 
1 13482 
1 13498 
1 13500 
1 13507 
1 13524 
1 13536 
1 13545 
1 13551 
1 13560 
1 13568 
1 13588 
1 13596 
1 13599 
1 13605 
1 13614 
1 13631 
1 13644 
1 13649 
1 13723 
1 13747 
1 13772 
1 13780 
1 13804 
1 13808 
1 13824 
1 13844 
1 13859 
1 13904 
1 13909 
1 13937 
1 13942 
1 13970 
1 13982 
1 13989 
1 13991 
1 13995 
1 14007 
1 14010 
1 14020 
1 14029 
1 14037 
1 14049 
1 14050 
1 14054 
1 14067 
1 14081 
1 14095 
1 14098 
1 14113 
1 14173 
1 14184 
1 14192 
1 14239 
1 14250 
1 14271 
1 14277 
1 14284 
1 14322 
1 14330 
1 14344 
1 14352 
1 14361 
1 14369 
1 14395 
1 14403 
1 14410 
1 14437 
1 14444 
1 14449 
1 14477 
1 14482 
1 14483 
1 14484 
1 14485 
1 14503 
1 14507 
1 14520 
1 14521 
1 14525 
1 14531 
1 14538 
1 14541 
1 14547 
1 14576 
1 14584 
1 14605 
1 14611 
1 14622 
1 14625 
1 14646 
1 14657 
1 14670 
1 14674 
1 14690 
1 14723 
1 14727 
1 14751 
1 14767 
1 14780 
1 14788 
1 14793 
1 14825 
1 14828 
1 14836 
1 14854 
1 14878 
1 14890 
1 14895 
1 14914 
1 14918 
1 14922 
1 14923 
1 14933 
1 14949 
1 14984 
1 14996 
1 15004 
1 15016 
1 15017 
1 15021 
1 15026 
1 15027 
1 15032 
1 15034 
1 15051 
1 15071 
1 15077 
1 15082 
1 15092 
1 15094 
1 15116 
1 15120 
1 15145 
1 15170 
1 15177 
1 15187 
1 15199 
1 15210 
1 15220 
1 15226 
1 15239 
1 15241 
1 15242 
1 15247 
1 15253 
1 16332 
1 16342 
1 16343 
1 16350 
1 16367 
1 16374 
1 16381 
1 16410 
1 16965 
1 16988 
1 19361 
1 19380 
1 19620 
1 19672 
1 19683 
1 19699 
1 19707 
1 19720 
1 19739 
1 19745 
1 19760 
1 19808 
1 19814 
1 19817 
1 19830 
1 19848 
1 19881 
1 19884 
1 19905 
1 19921 
1 19972 
